    1    1   20121229075941    AZ.MONP    -3.563   148.899    32.893   243.577
    1    2   20121229075941   AZ.MONP2    -3.563   148.899    32.892   243.578
    1    3   20121229075941     AZ.PFO    -3.563   148.899    33.612   243.541
    1    4   20121229075941     BK.BDM    -3.563   148.899    37.954   238.134
    1    5   20121229075941     BK.CMB    -3.563   148.899    38.035   239.613
    1    6   20121229075941     BK.CVS    -3.563   148.899    38.345   237.542
    1    7   20121229075941    BK.FARB    -3.563   148.899    37.698   236.999
    1    8   20121229075941    BK.GASB    -3.563   148.899    39.655   237.284
    1    9   20121229075941    BK.HOPS    -3.563   148.899    38.993   236.928
    1   10   20121229075941    BK.HUMO    -3.563   148.899    42.607   237.043
