0 0.0 0.0 0.0
1 0.0881736967843 0.0848435093916 0.0632255666958
2 0.0785528160079 0.0760155617716 0.061677618255
3 0.0693814658882 0.0674669630431 0.0557354885378
4 0.0606294081781 0.0595878650761 0.060152825094
5 0.0522688916663 0.0513551510859 0.0449659272581
6 0.0442746749155 0.0434609601949 0.0449688089381
7 0.0366237532755 0.0359586122329 0.0347468822576
8 0.0314766419036 0.0310668256544 0.0278119358526
9 0.0314992502827 0.0312254464096 0.0308062887092
10 0.0315252701493 0.0311540361445 0.0294045074676
11 0.0315544566109 0.0311542618631 0.0269419168503
12 0.0315869541667 0.031276422442 0.0277322163465
13 0.0316225610862 0.0313968190644 0.0340351706516
14 0.0316611335315 0.031544138251 0.0316943015833
15 0.0317989887874 0.0314912694026 0.0304010848419
16 0.0344755295092 0.0343674233422 0.0305988648142
17 0.0371588846642 0.0371406954424 0.0333778149771
18 0.0398492778043 0.0400247031779 0.0355222675438
19 0.0425467507323 0.0426835596519 0.0429016239672
20 0.0452510861711 0.0454655579993 0.0451602752109
21 0.0479626614476 0.0482406800165 0.0494226482277
22 0.050681361333 0.0506686822297 0.0486280515525
23 0.0526624453532 0.0525717461937 0.0596765224189
24 0.0544266270064 0.0543984930645 0.0506182022888
25 0.0561936564547 0.0561550114378 0.0569219727633
26 0.0579633225023 0.0577050500423 0.0558710030171
27 0.0597357434715 0.0592941898902 0.0523399857033
28 0.0615109636767 0.0611431396755 0.054696252338
29 0.0632887799688 0.0631192349601 0.0642265991907
30 0.0644625126242 0.0643270053552 0.0594711585899
31 0.0650494245997 0.0649228387381 0.0656396856127
32 0.0656386069648 0.0655966472774 0.0641712622993
33 0.0662300770575 0.0664696269224 0.0639574055164
34 0.0668238755456 0.0673917015315 0.0644515662924
35 0.0674199963596 0.067928473337 0.0694409999651
36 0.0680184319993 0.0684390202768 0.0712798849059
37 0.0684891933959 0.0689615779698 0.072264067394
38 0.0685572447029 0.069032622189 0.0626400777119
39 0.068628172697 0.0691152135001 0.0634906626276
40 0.0687018963471 0.0690722367265 0.0629822873788
41 0.0687784570542 0.068782545467 0.0751324008158
42 0.0688577750134 0.0689625604161 0.0627333573163
43 0.0689397770857 0.0688510450144 0.0725613280514
44 0.0690244376595 0.068877810167 0.0721176747541
45 0.0692046466088 0.0688463141621 0.0618323556467
46 0.0693893097455 0.0688120006966 0.061000138859
47 0.0695763214069 0.069230838181 0.072146577911
48 0.0697657080402 0.069502644607 0.0713731958826
49 0.0699573664001 0.0698712250233 0.0705258494628
50 0.0701513219522 0.0697589057926 0.0801629114117
51 0.0703475433461 0.0699950908086 0.0793382898457
52 0.071063068098 0.0706784061991 0.0660915976524
53 0.071997722768 0.0718190313145 0.07636199495
54 0.0729451552144 0.072818070486 0.0679144552193
55 0.0739050354797 0.073105061779 0.079386353485
56 0.0748773260439 0.0728996168277 0.0580553388357
57 0.0758617148277 0.0730498247611 0.0516999663893
58 0.076858126326 0.0729654610919 0.0651238221343
59 0.0785096651693 0.0727807583915 0.0461143622796
60 0.0809955487215 0.0739409166991 0.0592126117213
61 0.0835367150691 0.0745391993236 0.0579257012
62 0.0861325639171 0.0753908084931 0.0472614355995
63 0.0887823656304 0.0752116403813 0.0486282890094
64 0.0914857726749 0.0752969952757 0.0295925381436
65 0.0942420453159 0.0761161740988 0.0525170440979
66 0.0460124673384 0.0460124638876 0.0460122274228
67 0.0460125206195 0.0460125363248 0.0460128743283
68 0.0460124694619 0.0460124538231 0.0460124688209
69 0.0460125150511 0.04601253512 0.0460126216275
70 0.0460125456152 0.0460125249569 0.0460123630924
71 0.0460125389701 0.0460125369671 0.0460121126614
72 0.0460125280178 0.0460125232835 0.0460123962255
73 0.0460125364994 0.0460125605835 0.0460124117563
74 0.0460124469278 0.0460124819082 0.0460125042398
75 0.0460125243944 0.0460125471313 0.0460127053188
76 0.0460125150819 0.046012517651 0.046012387567
77 0.0460124906543 0.0460125 0.0460124597451
78 0.0460124817895 0.0460124763078 0.0460122365267
79 0.0460125420429 0.0460125587579 0.0460131260661
80 0.0460125285705 0.0460125057657 0.0460124495417
81 0.0460125065638 0.0460124880099 0.0460123671855
82 0.0460125225426 0.0460124880836 0.0460125211776
83 0.0460125123874 0.0460125468777 0.0460125758068
84 0.0460125121475 0.0460125057177 0.0460121641247
85 0.0460125427387 0.046012535607 0.0460124246339
86 0.0460124858751 0.0460124760943 0.0460122286889
87 0.0460125472008 0.046012535728 0.0460123899101
88 0.046012469463 0.0460124768179 0.0460125995749
89 0.0460124875966 0.046012488422 0.0460123755912
90 0.0460124665444 0.0460124208863 0.0460121808156
91 0.0460125095342 0.0460125057378 0.0460122274137
92 0.0460124964017 0.0460124885237 0.0460124980696
93 0.0460124827084 0.0460124759035 0.0460126789354
94 0.0460125026586 0.0460124655847 0.0460122616689
95 0.0460125298465 0.0460125463267 0.0460125565015
96 0.0460125447864 0.0460125822693 0.0460127175708
97 0.046012561956 0.046012523372 0.046012297432
98 0.0460125081755 0.0460125235246 0.0460119320255
99 0.0460125203044 0.0460125469317 0.0460128518319
