radius  rho      vpv      vsv      qkappa   qshear   vph      vsh      eta
1 1.00000 1
152 25 71
       0 13012.20 11262.20  3667.80    601.3     85.0 11262.20  3667.80  1.00000
   50710 13011.70 11261.80  3667.50    601.3     85.0 11261.80  3667.50  1.00000
  101430 13010.00 11260.60  3666.70    601.5     85.0 11260.60  3666.70  1.00000
  152140 13007.40 11258.60  3665.30    601.7     85.0 11258.60  3665.30  1.00000
  202850 13003.60 11255.70  3663.30    602.0     85.0 11255.70  3663.30  1.00000
  253560 12998.80 11252.10  3660.80    602.5     85.0 11252.10  3660.80  1.00000
  304280 12992.90 11247.70  3657.70    603.0     85.0 11247.70  3657.70  1.00000
  354990 12985.90 11242.40  3654.00    603.7     85.0 11242.40  3654.00  1.00000
  405700 12977.90 11236.40  3649.80    604.4     85.0 11236.40  3649.80  1.00000
  456410 12968.80 11229.50  3645.00    605.3     85.0 11229.50  3645.00  1.00000
  507130 12958.60 11221.90  3639.60    606.3     85.0 11221.90  3639.60  1.00000
  557840 12947.40 11213.40  3633.70    607.3     85.0 11213.40  3633.70  1.00000
  608550 12935.10 11204.10  3627.20    608.5     85.0 11204.10  3627.20  1.00000
  659260 12921.70 11194.10  3620.20    609.7     85.0 11194.10  3620.20  1.00000
  709980 12907.20 11183.20  3612.60    611.1     85.0 11183.20  3612.60  1.00000
  760690 12891.70 11171.50  3604.40    612.6     85.0 11171.50  3604.40  1.00000
  811400 12875.10 11159.00  3595.70    614.2     85.0 11159.00  3595.70  1.00000
  862110 12857.40 11145.70  3586.40    615.9     85.0 11145.70  3586.40  1.00000
  912830 12838.70 11131.60  3576.50    617.8     85.0 11131.60  3576.50  1.00000
  963540 12818.80 11116.60  3566.10    619.7     85.0 11116.60  3566.10  1.00000
 1014250 12798.00 11098.30  3555.10    621.5     85.0 11098.30  3555.10  1.00000
 1064960 12776.00 11085.00  3543.50    624.1     85.0 11085.00  3543.50  1.00000
 1115680 12753.00 11071.80  3531.40    626.9     85.0 11071.80  3531.40  1.00000
 1166390 12728.90 11058.50  3518.70    629.9     85.0 11058.50  3518.70  1.00000
 1217500 12703.70 11042.70  3504.30    633.3     85.0 11042.70  3504.30  1.00000
 1217500 12139.10 10289.00     0.00  57822.0      0.0 10289.00     0.00  1.00000
 1267430 12113.30 10285.40     0.00  57822.0      0.0 10285.40     0.00  1.00000
 1317760 12086.70 10274.50     0.00  57822.0      0.0 10274.50     0.00  1.00000
 1368090 12059.30 10256.50     0.00  57822.0      0.0 10256.50     0.00  1.00000
 1418420 12031.10 10232.90     0.00  57822.0      0.0 10232.90     0.00  1.00000
 1468760 12000.10 10204.90     0.00  57822.0      0.0 10204.90     0.00  1.00000
 1519090 11972.20 10173.90     0.00  57822.0      0.0 10173.90     0.00  1.00000
 1569420 11941.40 10141.50     0.00  57822.0      0.0 10141.50     0.00  1.00000
 1619750 11909.80 10109.50     0.00  57822.0      0.0 10109.50     0.00  1.00000
 1670080 11877.20 10076.80     0.00  57822.0      0.0 10076.80     0.00  1.00000
 1720410 11843.70 10043.90     0.00  57822.0      0.0 10043.90     0.00  1.00000
 1770740 11809.20 10010.30     0.00  57822.0      0.0 10010.30     0.00  1.00000
 1821070 11773.70  9976.10     0.00  57822.0      0.0  9976.10     0.00  1.00000
 1871400 11737.30  9941.00     0.00  57822.0      0.0  9941.00     0.00  1.00000
 1921740 11699.80  9905.10     0.00  57822.0      0.0  9905.10     0.00  1.00000
 1972070 11661.20  9868.20     0.00  57822.0      0.0  9868.20     0.00  1.00000
 2022400 11621.60  9830.40     0.00  57822.0      0.0  9830.40     0.00  1.00000
 2072730 11580.90  9791.40     0.00  57822.0      0.0  9791.40     0.00  1.00000
 2123060 11539.10  9751.30     0.00  57822.0      0.0  9751.30     0.00  1.00000
 2173390 11496.20  9710.00     0.00  57822.0      0.0  9710.00     0.00  1.00000
 2223720 11452.10  9667.30     0.00  57822.0      0.0  9667.30     0.00  1.00000
 2274050 11406.90  9623.20     0.00  57822.0      0.0  9623.20     0.00  1.00000
 2324380 11360.40  9577.70     0.00  57822.0      0.0  9577.70     0.00  1.00000
 2374720 11312.70  9530.60     0.00  57822.0      0.0  9530.60     0.00  1.00000
 2425050 11263.90  9481.40     0.00  57822.0      0.0  9481.40     0.00  1.00000
 2475380 11213.70  9429.70     0.00  57822.0      0.0  9429.70     0.00  1.00000
 2525710 11162.30  9376.00     0.00  57822.0      0.0  9376.00     0.00  1.00000
 2576040 11109.50  9320.50     0.00  57822.0      0.0  9320.50     0.00  1.00000
 2626370 11055.50  9263.40     0.00  57822.0      0.0  9263.40     0.00  1.00000
 2676700 11000.10  9204.20     0.00  57822.0      0.0  9204.20     0.00  1.00000
 2727030 10943.40  9142.60     0.00  57822.0      0.0  9142.60     0.00  1.00000
 2777360 10885.20  9079.20     0.00  57822.0      0.0  9079.20     0.00  1.00000
 2827700 10825.70  9013.80     0.00  57822.0      0.0  9013.80     0.00  1.00000
 2878030 10764.70  8946.10     0.00  57822.0      0.0  8946.10     0.00  1.00000
 2928360 10702.30  8876.10     0.00  57822.0      0.0  8876.10     0.00  1.00000
 2978690 10638.50  8803.60     0.00  57822.0      0.0  8803.60     0.00  1.00000
 3029020 10573.10  8728.30     0.00  57822.0      0.0  8728.30     0.00  1.00000
 3079350 10506.20  8649.60     0.00  57822.0      0.0  8649.60     0.00  1.00000
 3129680 10437.80  8569.20     0.00  57822.0      0.0  8569.20     0.00  1.00000
 3180010 10367.90  8486.10     0.00  57822.0      0.0  8486.10     0.00  1.00000
 3230340 10296.40  8400.10     0.00  57822.0      0.0  8400.10     0.00  1.00000
 3280680 10223.30  8312.20     0.00  57822.0      0.0  8312.20     0.00  1.00000
 3331010 10148.50  8221.30     0.00  57822.0      0.0  8221.30     0.00  1.00000
 3381340 10072.20  8128.30     0.00  57822.0      0.0  8128.30     0.00  1.00000
 3431670  9994.20  8038.20     0.00  57822.0      0.0  8038.20     0.00  1.00000
 3479500  9914.50  8000.00     0.00  57822.0      0.0  8000.00     0.00  1.00000
 3479500  5772.10 13660.10  7281.70    723.1    274.0 13660.10  7281.70  1.00000
 3531670  5745.80 13657.00  7270.00    725.1    274.0 13657.00  7270.00  1.00000
 3581330  5719.60 13653.30  7259.30    726.9    274.0 13653.30  7259.30  1.00000
 3631000  5693.40 13649.80  7248.50    722.7    271.7 13649.80  7248.50  1.00000
 3631000  5438.70 13649.80  7248.50    933.2    350.9 13649.80  7248.50  1.00000
 3681000  5417.60 13589.90  7225.30    940.9    354.6 13589.90  7225.30  1.00000
 3731000  5396.20 13531.10  7203.10    952.0    359.7 13531.10  7203.10  1.00000
 3779500  5374.80 13474.10  7180.40    960.4    363.6 13474.10  7180.40  1.00000
 3829000  5353.10 13415.60  7158.40    968.5    367.6 13415.60  7158.40  1.00000
 3878500  5331.30 13358.40  7136.80    976.8    371.8 13358.40  7136.80  1.00000
 3928000  5309.20 13301.70  7114.40    985.6    375.9 13301.70  7114.40  1.00000
 3977500  5287.00 13246.50  7093.20    990.8    378.8 13246.50  7093.20  1.00000
 4027000  5264.60 13189.50  7072.20    999.4    383.1 13189.50  7072.20  1.00000
 4076500  5242.00 13133.70  7050.40   1008.8    387.6 13133.70  7050.40  1.00000
 4126000  5219.20 13078.60  7028.60   1018.4    392.2 13078.60  7028.60  1.00000
 4175500  5196.30 13022.60  7006.90   1032.1    398.4 13022.60  7006.90  1.00000
 4225000  5173.20 12966.30  6985.20   1042.1    403.2 12966.30  6985.20  1.00000
 4274500  5149.90 12909.30  6962.50   1048.1    406.5 12909.30  6962.50  1.00000
 4324000  5126.40 12852.40  6941.60   1058.0    411.5 12852.40  6941.60  1.00000
 4373500  5102.70 12795.60  6919.40   1064.2    414.9 12795.60  6919.40  1.00000
 4423000  5078.90 12738.40  6897.20   1070.4    418.4 12738.40  6897.20  1.00000
 4472500  5054.80 12680.70  6874.30   1086.0    425.5 12680.70  6874.30  1.00000
 4522000  5030.60 12622.60  6851.70   1097.2    431.0 12622.60  6851.70  1.00000
 4571500  5006.20 12563.80  6828.90   1108.6    436.7 12563.80  6828.90  1.00000
 4621000  4981.70 12503.00  6805.60   1120.1    442.5 12503.00  6805.60  1.00000
 4670500  4957.00 12442.70  6782.00   1127.0    446.4 12442.70  6782.00  1.00000
 4720000  4932.10 12381.30  6757.90   1134.0    450.4 12381.30  6757.90  1.00000
 4769500  4906.90 12318.10  6732.30   1141.3    454.6 12318.10  6732.30  1.00000
 4819000  4881.70 12255.80  6707.00   1148.8    458.7 12255.80  6707.00  1.00000
 4868500  4856.20 12191.20  6681.30   1156.0    463.0 12191.20  6681.30  1.00000
 4918000  4830.70 12124.70  6655.40   1163.2    467.3 12124.70  6655.40  1.00000
 4967500  4805.00 12057.10  6628.50   1170.5    471.7 12057.10  6628.50  1.00000
 5017000  4779.00 11989.10  6600.90   1178.2    476.2 11989.10  6600.90  1.00000
 5066500  4752.80 11920.80  6572.80   1186.1    480.8 11920.80  6572.80  1.00000
 5116000  4726.60 11849.10  6543.10   1194.0    485.4 11849.10  6543.10  1.00000
 5165500  4700.10 11776.80  6513.10   1202.0    490.2 11776.80  6513.10  1.00000
 5215000  4673.50 11702.00  6482.20   1210.0    495.1 11702.00  6482.20  1.00000
 5264500  4646.70 11626.50  6451.40   1217.9    500.0 11626.50  6451.40  1.00000
 5314000  4619.80 11549.30  6418.20   1226.5    505.1 11549.30  6418.20  1.00000
 5363500  4592.60 11470.40  6386.00   1234.5    510.2 11470.40  6386.00  1.00000
 5413000  4565.40 11389.70  6351.90   1243.0    515.5 11389.70  6351.90  1.00000
 5462500  4516.20 11306.80  6316.40   1251.7    520.8 11306.80  6316.40  1.00000
 5512000  4465.00 11222.80  6279.90   1260.7    526.3 11222.80  6279.90  1.00000
 5561500  4411.80 11135.50  6242.40   1269.4    531.9 11135.50  6242.40  1.00000
 5611000  4356.50 11055.30  6210.00   1277.9    537.6 11055.30  6210.00  1.00000
 5661000  4298.60 10922.20  6089.80   1311.2    543.5 10922.20  6089.80  1.00000
 5711000  4238.70 10790.90  5960.70   1350.5    549.5 10790.90  5960.70  1.00000
 5711000  3920.10 10200.00  5610.40    428.7    172.9 10200.00  5610.40  1.00000
 5761000  3920.60 10032.00  5504.70    425.5    170.8 10032.00  5504.70  1.00000
 5811000  3921.80  9864.00  5398.90    422.6    168.8  9864.00  5398.90  1.00000
 5861000  3923.30  9696.20  5292.20    419.9    166.8  9696.20  5292.20  1.00000
 5911000  3927.30  9528.00  5186.40    417.3    164.9  9528.00  5186.40  1.00000
 5961000  3931.70  9360.10  5080.60    413.7    162.5  9360.10  5080.60  1.00000
 5961000  3506.80  9030.20  4870.20    377.9    146.6  9030.20  4870.20  1.00000
 6011000  3457.70  8847.60  4783.20    366.3    142.8  8847.60  4783.20  1.00000
 6061000  3411.00  8665.00  4696.40    355.9    139.4  8665.00  4696.40  1.00000
 6111000  3366.30  8482.20  4609.40    346.4    136.4  8482.20  4609.40  1.00000
 6161000  3324.30  8300.70  4518.40    338.5    133.7  8300.70  4518.40  1.00000
 6161000  3324.30  8300.70  4518.40    201.0     79.4  8300.70  4518.40  1.00000
 6171000  3471.94  8139.25  4651.00    200.0     80.0  8139.25  4651.00  1.00000
 6188553  3357.35  7821.01  4469.15    200.0     80.0  7821.01  4469.15  1.00000
 6206107  3273.85  7589.15  4336.66    200.0     80.0  7589.15  4336.66  1.00000
 6223660  3217.79  7433.47  4247.70    200.0     80.0  7433.47  4247.70  1.00000
 6241214  3185.27  7343.15  4196.08    200.0     80.0  7343.15  4196.08  1.00000
 6258767  3172.37  7307.34  4175.62    200.0     80.0  7307.34  4175.62  1.00000
 6276321  3175.20  7315.20  4180.11    200.0     80.0  7315.20  4180.11  1.00000
 6293874  3188.84  7353.08  4201.76    200.0     80.0  7353.08  4201.76  1.00000
 6311428  3204.33  7396.08  4226.33    900.0    400.0  7396.08  4226.33  1.00000
 6328981  3211.68  7416.50  4238.00    900.0    400.0  7416.50  4238.00  1.00000
 6328981  3030.82  6914.25  3951.00    900.0    400.0  6914.25  3951.00  1.00000
 6333630  2954.87  6703.33  3830.48    900.0    400.0  6703.33  3830.48  1.00000
 6338280  2900.22  6551.56  3743.75    900.0    400.0  6551.56  3743.75  1.00000
 6342929  2861.32  6443.53  3682.02    900.0    400.0  6443.53  3682.02  1.00000
 6347578  2832.46  6363.41  3636.24    900.0    400.0  6363.41  3636.24  1.00000
 6352228  2807.96  6295.37  3597.35    900.0    400.0  6295.37  3597.35  1.00000
 6356877  2782.10  6223.55  3556.32    900.0    400.0  6223.55  3556.32  1.00000
 6361526  2749.18  6132.13  3504.08   1400.0    600.0  6132.13  3504.08  1.00000
 6366176  2703.50  6005.27  3431.58   1400.0    600.0  6005.27  3431.58  1.00000
 6370825  2639.48  5827.50  3330.00   1400.0    600.0  5827.50  3330.00  1.00000
 6370825  2301.17  4888.00  2444.00    160.0     80.0  4888.00  2444.00  1.00000
 6371000  1444.13  2508.00  1254.00    160.0     80.0  2508.00  1254.00  1.00000
