 0 -1 5 0.05 1 0 1
 0 -1 15 0.05 1 0 2
0 -1 15 -2  1 0 3 
0 -1 15 0.05  1 0 4 
0 -1 15 0.05  1 0 5
0  1 90 10  1 0 6 
 0 1 180 10 1 0 7
 0 -1 5 0.05 1 1 1
 0 -1 15 0.05 1 1 2
0 -1 15 -2 1 1 3 
0 -1 15 -4  1 1 4 
0 -1 15 -4  1 1 5
0  1 90 -2  1 1 6 
 0 1 180 -2 1 1 7
 0 -1 5 0.05 1 2 1
 0 -1 15 0.05 1 2 2
0 -1 15 -2  1 2 3
0 -1 15 -4  1 2 4 
0 -1 15 -4  1 2 5
0  1 90 -2  1 2 6 
 0 1 180 -2 1 2 7
 0 -1 5 0.05 1 3 1
 0 -1 15 0.05 1 3 2
0 -1 15 -2  1 3 3
0 -1 15 -4  1 3 4 
0 -1 15 -4  1 3 5
0  1 90 -2  1 3 6 
 0 1 180 -2 1 3 7
 0 -1 5 0.05 2 0 1
 0 -1 15 0.05 2 0 2
 0 -1 15 -2 2 0 3
 0 -1 15 0.05 2 0 4
 0 -1 15 -2 2 0 5
0  1 90 10   2 0 6
 0 1 180 10 2 0 7
 0 -1 5 0.05 2 1 1
 0 -1 15 -2 2 1 2
 0 -1 15 -2 2 1 3
 0 -1 15 -4 2 1 4
 0 -1 15 -2 2 1 5
0  1 90 -2   2 1 6
 0 1 180 -2 2 1 7
 0 -1 5 0.05 2 2 1
 0 -1 15 -2 2 2 2
 0 -1 15 -2 2 2 3
 0 -1 15 -4 2 2 4
 0 -1 15 -2 2 2 5
0  1 90 -2   2 2 6
 0 1 180 -2 2 2 7
 0 -1 5 0.05 2 3 1
 0 -1 15 -2 2 3 2
 0 -1 15 -2 2 3 3
 0 -1 15 -4 2 3 4
 0 -1 15 -2 2 3 5
0  1 90 -2   2 3 6
 0 1 180 -2 2 3 7
 0 -1 5 0.05 2 4 1
 0 -1 15 -2 2 4 2
 0 -1 15 -2 2 4 3
 0 -1 15 -4 2 4 4
 0 -1 15 -2 2 4 5
0  1 90 -2   2 4 6
 0 1 180 -2 2 4 7
