2578 11.173290
2579 10.142837
2580 9.101830
2581 8.054020
2582 7.003082
2583 5.952605
2584 4.906075
2585 3.866856
2586 2.838181
2587 1.823136
2588 0.824650
2589 0.154515
2590 1.111773
2591 2.044720
2592 2.951144
2593 3.829023
2594 4.676535
2595 5.492055
2596 6.274160
2597 7.021626
2598 7.733425
2599 8.408727
2600 9.046893
2601 9.647472
2602 10.210196
2603 10.734973
2604 11.221879
2605 11.671155
2606 12.083196
2607 12.458541
2608 12.797871
2609 13.101993
2610 13.371835
2611 13.608438
2612 13.812941
2613 13.986580
2614 14.130671
2615 14.246607
2616 14.335847
2617 14.399905
2618 14.440350
2619 14.458784
2620 14.456851
2621 14.436215
2622 14.398563
2623 14.345593
2624 14.279012
2625 14.200521
2626 14.111824
2627 14.014610
2628 13.910553
2629 13.801309
2630 13.688506
2631 13.573749
2632 13.458605
2633 13.344608
2634 13.233253
2635 13.125990
2636 13.024223
2637 12.929310
2638 12.842552
2639 12.765198
2640 12.698436
2641 12.643394
2642 12.601138
2643 12.572662
2644 12.558896
2645 12.560692
2646 12.578828
2647 12.614005
2648 12.666842
2649 12.737871
2650 12.827542
2651 12.936213
2652 13.064152
2653 13.211530
2654 13.378424
2655 13.564814
2656 13.770578
2657 13.995497
2658 14.239245
2659 14.501398
2660 14.781428
2661 15.078706
2662 15.392497
2663 15.721972
2664 16.066198
2665 16.424152
2666 16.794712
2667 17.176672
2668 17.568735
2669 17.969528
2670 18.377604
2671 18.791441
2672 19.209465
2673 19.630037
2674 20.051477
2675 20.472071
2676 20.890064
2677 21.303694
2678 21.711180
2679 22.110746
2680 22.500629
2681 22.879084
2682 23.244400
2683 23.594913
2684 23.929016
2685 24.245161
2686 24.541885
2687 24.817814
2688 25.071671
2689 25.302284
2690 25.508612
2691 25.689730
2692 25.844858
2693 25.973358
2694 26.074743
2695 26.148687
2696 26.195023
2697 26.213753
2698 26.205051
2699 26.169262
2700 26.106903
2701 26.018667
2702 25.905418
2703 25.768190
2704 25.608179
2705 25.426744
2706 25.225395
2707 25.005793
2708 24.769730
2709 24.519131
2710 24.256035
2711 23.982588
2712 23.701025
2713 23.413664
2714 23.122883
2715 22.831112
2716 22.540808
2717 22.254452
2718 21.974522
2719 21.703476
2720 21.443745
2721 21.197701
2722 20.967655
2723 20.755831
2724 20.564346
2725 20.395208
2726 20.250288
2727 20.131310
2728 20.039833
2729 19.977247
2730 19.944752
2731 19.943350
2732 19.973839
2733 20.036797
2734 20.132582
2735 20.261320
2736 20.422909
2737 20.617006
2738 20.843039
2739 21.100191
2740 21.387417
2741 21.703440
2742 22.046755
2743 22.415644
2744 22.808174
2745 23.222214
2746 23.655443
2747 24.105362
2748 24.569311
2749 25.044483
2750 25.527935
2751 26.016613
2752 26.507366
2753 26.996967
2754 27.482124
2755 27.959515
2756 28.425795
2757 28.877625
2758 29.311686
2759 29.724707
2760 30.113482
2761 30.474886
2762 30.805908
2763 31.103653
2764 31.365377
2765 31.588495
2766 31.770601
2767 31.909483
2768 32.003139
2769 32.049797
2770 32.047909
2771 31.996185
2772 31.893585
2773 31.739334
2774 31.532930
2775 31.274145
2776 30.963030
2777 30.599913
2778 30.185406
2779 29.720390
2780 29.206032
2781 28.643755
2782 28.035248
2783 27.382456
2784 26.687559
2785 25.952972
2786 25.181328
2787 24.375462
2788 23.538397
2789 22.673326
2790 21.783602
2791 20.872702
2792 19.944227
2793 19.001871
2794 18.049406
2795 17.090654
2796 16.129473
2797 15.169730
2798 14.215284
2799 13.269962
2800 12.337541
2801 11.421721
2802 10.526110
2803 9.654203
2804 8.809366
2805 7.994812
2806 7.213584
2807 6.468546
2808 5.762362
2809 5.097482
2810 4.476133
2811 3.900302
2812 3.371734
2813 2.891917
2814 2.462075
2815 2.083170
2816 1.755888
2817 1.480644
2818 1.257579
2819 1.086560
2820 0.967182
2821 0.898773
2822 0.880401
2823 0.910877
2824 0.988763
2825 1.112387
2826 1.279847
2827 1.489027
2828 1.737608
2829 2.023083
2830 2.342772
2831 2.693838
2832 3.073301
2833 3.478059
2834 3.904902
2835 4.350535
2836 4.811590
2837 5.284650
2838 5.766265
2839 6.252973
2840 6.741314
2841 7.227857
2842 7.709207
2843 8.182034
2844 8.643079
2845 9.089181
2846 9.517287
2847 9.924467
2848 10.307931
2849 10.665040
2850 10.993320
2851 11.290474
2852 11.554387
2853 11.783142
2854 11.975025
2855 12.128530
2856 12.242367
2857 12.315465
2858 12.346975
2859 12.336272
2860 12.282957
2861 12.186852
2862 12.048002
2863 11.866672
2864 11.643338
2865 11.378687
2866 11.073609
2867 10.729189
2868 10.346695
2869 9.927576
2870 9.473446
2871 8.986077
2872 8.467384
2873 7.919415
2874 7.344337
2875 6.744423
2876 6.122041
2877 5.479635
2878 4.819716
2879 4.144846
2880 3.457622
2881 2.760664
2882 2.056600
2883 1.348052
2884 0.637623
2885 0.072117
2886 0.778642
2887 1.479489
2888 2.172259
2889 2.854640
2890 3.524408
2891 4.179444
2892 4.817741
2893 5.437412
2894 6.036696
2895 6.613970
2896 7.167753
2897 7.696709
2898 8.199654
2899 8.675559
2900 9.123553
2901 9.542925
2902 9.933123
2903 10.293758
2904 10.624601
2905 10.925579
2906 11.196779
2907 11.438439
2908 11.650948
2909 11.834838
2910 11.990785
2911 12.119596
2912 12.222206
2913 12.299674
2914 12.353170
2915 12.383973
2916 12.393456
2917 12.383084
2918 12.354403
2919 12.309027
2920 12.248635
2921 12.174959
2922 12.089772
2923 11.994882
2924 11.892118
2925 11.783325
2926 11.670354
2927 11.555048
2928 11.439238
2929 11.324728
2930 11.213295
2931 11.106670
2932 11.006537
2933 10.914523
2934 10.832188
2935 10.761021
2936 10.702431
2937 10.657742
2938 10.628184
2939 10.614895
2940 10.618905
2941 10.641139
2942 10.682413
2943 10.743425
2944 10.824760
2945 10.926880
2946 11.050126
2947 11.194717
2948 11.360749
2949 11.548193
2950 11.756897
2951 11.986588
2952 12.236869
2953 12.507229
2954 12.797038
2955 13.105555
2956 13.431927
2957 13.775199
2958 14.134315
2959 14.508126
2960 14.895390
2961 15.294784
2962 15.704908
2963 16.124294
2964 16.551409
2965 16.984667
2966 17.422436
2967 17.863043
2968 18.304785
2969 18.745939
2970 19.184771
2971 19.619539
2972 20.048510
2973 20.469965
2974 20.882206
2975 21.283569
2976 21.672432
2977 22.047224
2978 22.406431
2979 22.748608
2980 23.072382
2981 23.376467
2982 23.659666
2983 23.920879
2984 24.159109
2985 24.373468
2986 24.563189
2987 24.727617
2988 24.866226
2989 24.978615
2990 25.064514
2991 25.123787
2992 25.156427
2993 25.162567
2994 25.142469
2995 25.096531
2996 25.025280
2997 24.929369
2998 24.809584
2999 24.666819
3000 24.502094
3001 24.316536
3002 24.111370
3003 23.887924
3004 23.647612
3005 23.391922
3006 23.122423
3007 22.840736
3008 22.548538
3009 22.247549
3010 21.939510
3011 21.626194
3012 21.309372
3013 20.990820
3014 20.672293
3015 20.355526
3016 20.042217
3017 19.734016
3018 19.432520
3019 19.139254
3020 18.855665
3021 18.583122
3022 18.322893
3023 18.076147
3024 17.843943
3025 17.627226
3026 17.426821
3027 17.243425
3028 17.077610
3029 16.929815
3030 16.800346
3031 16.689381
3032 16.596958
3033 16.522989
3034 16.467258
3035 16.429422
3036 16.409019
3037 16.405474
3038 16.418100
3039 16.446114
3040 16.488638
3041 16.544712
3042 16.613300
3043 16.693306
3044 16.783575
3045 16.882919
3046 16.990114
3047 17.103916
3048 17.223082
3049 17.346367
3050 17.472546
3051 17.600424
3052 17.728846
3053 17.856709
3054 17.982967
3055 18.106655
3056 18.226883
3057 18.342850
3058 18.453854
3059 18.559298
3060 18.658693
3061 18.751665
3062 18.837955
3063 18.917431
3064 18.990074
3065 19.055988
3066 19.115400
3067 19.168652
3068 19.216196
3069 19.258596
3070 19.296516
3071 19.330713
3072 19.362034
3073 19.391397
3074 19.419790
3075 19.448254
3076 19.477869
3077 19.509748
3078 19.545023
3079 19.584824
3080 19.630266
3081 19.682446
3082 19.742414
3083 19.811169
3084 19.889639
3085 19.978666
3086 20.079004
3087 20.191288
3088 20.316036
3089 20.453636
3090 20.604330
3091 20.768208
3092 20.945198
3093 21.135065
3094 21.337400
3095 21.551617
3096 21.776953
3097 22.012461
3098 22.257021
3099 22.509329
3100 22.767912
3101 23.031132
3102 23.297184
3103 23.564116
3104 23.829834
3105 24.092112
3106 24.348608
3107 24.596880
3108 24.834398
3109 25.058561
3110 25.266718
3111 25.456186
3112 25.624266
3113 25.768265
3114 25.885521
3115 25.973417
3116 26.029406
3117 26.051031
3118 26.035944
3119 25.981932
3120 25.886929
3121 25.749041
3122 25.566565
3123 25.337997
3124 25.062067
3125 24.737728
3126 24.364195
3127 23.940939
3128 23.467705
3129 22.944519
3130 22.371696
3131 21.749842
3132 21.079855
3133 20.362936
3134 19.600573
3135 18.794546
3136 17.946924
3137 17.060049
3138 16.136530
3139 15.179235
3140 14.191275
3141 13.175982
3142 12.136905
3143 11.077777
3144 10.002507
3145 8.915150
3146 7.819887
3147 6.721002
3148 5.622855
3149 4.529858
3150 3.446446
3151 2.377055
3152 1.326091
3153 0.297903
3154 0.703238
3155 1.673174
3156 2.607880
3157 3.503489
3158 4.356319
3159 5.162896
3160 5.919972
3161 6.624551
3162 7.273906
3163 7.865592
3164 8.397468
3165 8.867707
3166 9.274811
3167 9.617616
3168 9.895301
3169 10.107395
3170 10.253782
3171 10.334695
3172 10.350719
3173 10.302792
3174 10.192185
3175 10.020514
3176 9.789709
3177 9.502019
3178 9.159989
3179 8.766445
3180 8.324478
3181 7.837425
3182 7.308847
3183 6.742507
3184 6.142349
3185 5.512470
3186 4.857100
3187 4.180570
3188 3.487293
3189 2.781730
3190 2.068371
3191 1.351701
3192 0.636179
3193 0.073791
3194 0.773884
3195 1.459880
3196 2.127686
3197 2.773361
3198 3.393139
3199 3.983443
3200 4.540913
3201 5.062416
3202 5.545066
3203 5.986238
3204 6.383576
3205 6.735011
3206 7.038764
3207 7.293353
3208 7.497601
3209 7.650635
3210 7.751890
3211 7.801105
3212 7.798325
3213 7.743886
3214 7.638419
3215 7.482838
3216 7.278325
3217 7.026326
3218 6.728532
3219 6.386867
3220 6.003470
3221 5.580683
3222 5.121025
3223 4.627182
3224 4.101980
3225 3.548368
3226 2.969399
3227 2.368206
3228 1.747982
3229 1.111959
3230 0.463388
3231 0.194486
3232 0.858436
3233 1.525283
3234 2.191906
3235 2.855268
3236 3.512426
3237 4.160553
3238 4.796954
3239 5.419072
3240 6.024512
3241 6.611044
3242 7.176618
3243 7.719369
3244 8.237627
3245 8.729921
3246 9.194986
3247 9.631762
3248 10.039392
3249 10.417236
3250 10.764850
3251 11.081995
3252 11.368629
3253 11.624901
3254 11.851142
3255 12.047856
3256 12.215717
3257 12.355547
3258 12.468313
3259 12.555112
3260 12.617153
3261 12.655753
3262 12.672313
3263 12.668306
3264 12.645266
3265 12.604765
3266 12.548406
3267 12.477801
3268 12.394561
3269 12.300276
3270 12.196507
3271 12.084769
3272 11.966517
3273 11.843137
3274 11.715930
3275 11.586107
3276 11.454777
3277 11.322937
3278 11.191468
3279 11.061129
3280 10.932548
3281 10.806223
3282 10.682522
3283 10.561674
3284 10.443778
3285 10.328800
3286 10.216578
3287 10.106825
3288 9.999136
3289 9.892997
3290 9.787785
3291 9.682787
3292 9.577203
3293 9.470158
3294 9.360716
3295 9.247888
3296 9.130649
3297 9.007947
3298 8.878721
3299 8.741911
3300 8.596472
3301 8.441388
3302 8.275689
3303 8.098457
3304 7.908846
3305 7.706089
3306 7.489513
3307 7.258546
3308 7.012731
3309 6.751732
3310 6.475344
3311 6.183496
3312 5.876262
3313 5.553858
3314 5.216653
3315 4.865162
3316 4.500053
3317 4.122141
3318 3.732388
3319 3.331896
3320 2.921904
3321 2.503778
3322 2.079007
3323 1.649187
3324 1.216016
3325 0.781280
3326 0.346837
3327 0.085391
3328 0.513438
3329 0.935307
3330 1.348985
3331 1.752462
3332 2.143744
3333 2.520876
3334 2.881949
3335 3.225126
3336 3.548652
3337 3.850873
3338 4.130249
3339 4.385369
3340 4.614965
3341 4.817924
3342 4.993298
3343 5.140314
3344 5.258385
3345 5.347115
3346 5.406302
3347 5.435948
3348 5.436255
3349 5.407629
3350 5.350677
3351 5.266204
3352 5.155210
3353 5.018880
3354 4.858580
3355 4.675843
3356 4.472363
3357 4.249973
3358 4.010643
3359 3.756453
3360 3.489586
3361 3.212302
3362 2.926928
3363 2.635833
3364 2.341409
3365 2.046057
3366 1.752160
3367 1.462068
3368 1.178076
3369 0.902406
3370 0.637190
3371 0.384448
3372 0.146078
3373 0.076168
3374 0.280689
3375 0.466055
3376 0.631015
3377 0.774507
3378 0.895666
3379 0.993829
3380 1.068540
3381 1.119552
3382 1.146827
3383 1.150530
3384 1.131031
3385 1.088894
3386 1.024874
3387 0.939899
3388 0.835065
3389 0.711620
3390 0.570951
3391 0.414562
3392 0.244062
3393 0.061145
3394 0.132432
3395 0.334868
3396 0.544337
3397 0.759014
3398 0.977091
3399 1.196799
3400 1.416433
3401 1.634364
3402 1.849065
3403 2.059127
3404 2.263272
3405 2.460373
3406 2.649465
3407 2.829757
3408 3.000639
3409 3.161695
3410 3.312704
3411 3.453640
3412 3.584681
3413 3.706197
3414 3.818752
3415 3.923096
3416 4.020151
3417 4.111003
3418 4.196887
3419 4.279172
3420 4.359336
3421 4.438953
3422 4.519667
3423 4.603168
3424 4.691170
3425 4.785381
3426 4.887479
3427 4.999082
3428 5.121726
3429 5.256832
3430 5.405681
3431 5.569388
3432 5.748879
3433 5.944865
3434 6.157817
3435 6.387955
3436 6.635219
3437 6.899261
3438 7.179433
3439 7.474771
3440 7.783993
3441 8.105497
3442 8.437359
3443 8.777336
3444 9.122877
3445 9.471131
3446 9.818965
3447 10.162980
3448 10.499537
3449 10.824780
3450 11.134665
3451 11.424995
3452 11.691458
3453 11.929655
3454 12.135155
3455 12.303526
3456 12.430387
3457 12.511454
3458 12.542580
3459 12.519812
3460 12.439435
3461 12.298020
3462 12.092471
3463 11.820070
3464 11.478525
3465 11.066007
3466 10.581192
3467 10.023298
3468 9.392117
3469 8.688043
3470 7.912099
3471 7.065955
3472 6.151943
3473 5.173070
3474 4.133018
3475 3.036143
3476 1.887471
3477 0.692681
3478 0.541915
3479 1.809395
3480 3.102259
3481 4.412472
3482 5.731501
3483 7.050368
3484 8.359706
3485 9.649817
3486 10.910735
3487 12.132301
3488 13.304233
3489 14.416195
3490 15.457891
3491 16.419136
3492 17.289942
3493 18.060600
3494 18.721769
3495 19.264563
3496 19.680618
3497 19.962200
3498 20.102259
3499 20.094519
3500 19.933548
3501 19.614826
3502 19.134808
3503 18.490974
3504 17.681896
3505 16.707264
3506 15.567932
3507 14.265950
3508 12.804576
3509 11.188291
3510 9.422804
3511 7.515044
3512 5.473147
3513 3.306427
3514 1.025345
3515 1.358535
3516 3.832598
3517 6.383242
3518 8.995944
3519 11.655342
3520 14.345320
3521 17.049103
3522 19.749355
3523 22.428289
3524 25.067778
3525 27.649469
3526 30.154915
3527 32.565685
3528 34.863499
3529 37.030357
3530 39.048668
3531 40.901375
3532 42.572079
3533 44.045181
3534 45.305977
3535 46.340801
3536 47.137123
3537 47.683662
3538 47.970478
3539 47.989071
3540 47.732471
3541 47.195293
3542 46.373829
3543 45.266075
3544 43.871796
3545 42.192543
3546 40.231689
3547 37.994431
3548 35.487782
3549 32.720554
3550 29.703352
3551 26.448502
3552 22.970022
3553 19.283552
3554 15.406269
3555 11.356813
3556 7.155184
3557 2.822632
3558 1.618458
3559 6.144690
3560 10.731795
3561 15.354770
3562 19.988024
3563 24.605532
3564 29.180994
3565 33.687988
3566 38.100143
3567 42.391296
3568 46.535652
3569 50.507954
3570 54.283634
3571 57.838989
3572 61.151302
3573 64.199020
3574 66.961884
3575 69.421059
3576 71.559250
3577 73.360855
3578 74.812019
3579 75.900780
3580 76.617126
3581 76.953064
3582 76.902710
3583 76.462288
3584 75.630211
3585 74.407089
3586 72.795731
3587 70.801125
3588 68.430443
3589 65.693016
3590 62.600243
3591 59.165581
3592 55.404449
3593 51.334148
3594 46.973766
3595 42.344082
3596 37.467430
3597 32.367596
3598 27.069674
3599 21.599916
3600 15.985603
3601 10.254876
3602 4.436583
3603 1.439888
3604 7.344768
3605 13.248078
3606 19.119801
3607 24.930037
3608 30.649185
3609 36.248093
3610 41.698231
3611 46.971832
3612 52.042053
3613 56.883118
3614 61.470451
3615 65.780807
3616 69.792404
3617 73.485001
3618 76.840042
3619 79.840721
3620 82.472061
3621 84.721008
3622 86.576462
3623 88.029312
3624 89.072533
3625 89.701134
3626 89.912201
3627 89.704903
3628 89.080475
3629 88.042175
3630 86.595268
3631 84.746971
3632 82.506393
3633 79.884491
3634 76.893951
3635 73.549156
3636 69.866043
3637 65.862038
3638 61.555931
3639 56.967785
3640 52.118793
3641 47.031166
3642 41.728012
3643 36.233204
3644 30.571259
3645 24.767187
3646 18.846384
3647 12.834480
3648 6.757225
3649 0.640352
3650 5.490543
3651 11.610124
3652 17.693432
3653 23.716002
3654 29.653963
3655 35.484150
3656 41.184189
3657 46.732605
3658 52.108879
3659 57.293545
3660 62.268257
3661 67.015839
3662 71.520340
3663 75.767090
3664 79.742744
3665 83.435280
3666 86.834045
3667 89.929771
3668 92.714592
3669 95.181999
3670 97.326897
3671 99.145523
3672 100.635498
3673 101.795738
3674 102.626457
3675 103.129120
3676 103.306404
3677 103.162155
3678 102.701317
3679 101.929901
3680 100.854919
3681 99.484322
3682 97.826942
3683 95.892418
3684 93.691147
3685 91.234192
3686 88.533249
3687 85.600540
3688 82.448784
3689 79.091103
3690 75.540970
3691 71.812134
3692 67.918587
3693 63.874447
3694 59.693962
3695 55.391407
3696 50.981060
3697 46.477131
3698 41.893723
3699 37.244789
3700 32.544079
3701 27.805113
3702 23.041142
3703 18.265106
3704 13.489617
3705 8.726924
3706 3.988891
3707 0.713021
3708 5.367774
3709 9.964768
3710 14.493851
3711 18.945330
3712 23.309980
3713 27.579046
3714 31.744247
3715 35.797779
3716 39.732307
3717 43.540974
3718 47.217388
3719 50.755611
3720 54.150173
3721 57.396049
3722 60.488644
3723 63.423805
3724 66.197792
3725 68.807281
3726 71.249352
3727 73.521461
3728 75.621460
3729 77.547562
3730 79.298332
3731 80.872696
3732 82.269913
3733 83.489555
3734 84.531548
3735 85.396088
3736 86.083694
3737 86.595177
3738 86.931625
3739 87.094398
3740 87.085144
3741 86.905762
3742 86.558395
3743 86.045456
3744 85.369583
3745 84.533676
3746 83.540840
3747 82.394424
3748 81.098000
3749 79.655334
3750 78.070435
3751 76.347481
3752 74.490875
3753 72.505211
3754 70.395264
3755 68.165985
3756 65.822510
3757 63.370132
3758 60.814320
3759 58.160686
3760 55.414978
3761 52.583099
3762 49.671059
3763 46.685001
3764 43.631165
3765 40.515896
3766 37.345612
3767 34.126816
3768 30.866076
3769 27.569998
3770 24.245232
3771 20.898453
3772 17.536345
3773 14.165587
3774 10.792845
3775 7.424749
3776 4.067887
3777 0.728785
3778 2.586108
3779 5.870430
3780 9.117924
3781 12.322452
3782 15.478006
3783 18.578732
3784 21.618927
3785 24.593073
3786 27.495829
3787 30.322062
3788 33.066845
3789 35.725479
3790 38.293499
3791 40.766682
3792 43.141056
3793 45.412926
3794 47.578850
3795 49.635681
3796 51.580544
3797 53.410858
3798 55.124344
3799 56.719009
3800 58.193172
3801 59.545448
3802 60.774757
3803 61.880329
3804 62.861683
3805 63.718651
3806 64.451355
3807 65.060219
3808 65.545944
3809 65.909515
3810 66.152199
3811 66.275528
3812 66.281303
3813 66.171562
3814 65.948586
3815 65.614899
3816 65.173233
3817 64.626534
3818 63.977940
3819 63.230778
3820 62.388538
3821 61.454868
3822 60.433567
3823 59.328548
3824 58.143848
3825 56.883602
3826 55.552032
3827 54.153427
3828 52.692131
3829 51.172539
3830 49.599064
3831 47.976139
3832 46.308186
3833 44.599632
3834 42.854858
3835 41.078220
3836 39.274014
3837 37.446472
3838 35.599762
3839 33.737957
3840 31.865038
3841 29.984879
3842 28.101244
3843 26.217775
3844 24.337988
3845 22.465260
3846 20.602827
3847 18.753780
3848 16.921064
3849 15.107465
3850 13.315610
3851 11.547971
3852 9.806859
3853 8.094421
3854 6.412646
3855 4.763358
3856 3.148223
3857 1.568749
3858 0.026287
3859 1.477962
3860 2.942949
3861 4.367770
3862 5.751663
3863 7.093999
3864 8.394284
3865 9.652149
3866 10.867343
3867 12.039732
3868 13.169289
3869 14.256087
3870 15.300297
3871 16.302176
3872 17.262064
3873 18.180378
3874 19.057602
3875 19.894281
3876 20.691021
3877 21.448475
3878 22.167336
3879 22.848337
3880 23.492249
3881 24.099857
3882 24.671978
3883 25.209438
3884 25.713078
3885 26.183746
3886 26.622288
3887 27.029554
3888 27.406385
3889 27.753620
3890 28.072079
3891 28.362574
3892 28.625900
3893 28.862835
3894 29.074137
3895 29.260540
3896 29.422764
3897 29.561501
3898 29.677420
3899 29.771168
3900 29.843370
3901 29.894625
3902 29.925512
3903 29.936586
3904 29.928383
3905 29.901417
3906 29.856182
3907 29.793156
3908 29.712799
3909 29.615557
3910 29.501860
3911 29.372128
3912 29.226768
3913 29.066181
3914 28.890759
3915 28.700884
3916 28.496941
3917 28.279305
3918 28.048357
3919 27.804472
3920 27.548031
3921 27.279413
3922 26.999008
3923 26.707203
3924 26.404398
3925 26.090998
3926 25.767416
3927 25.434071
3928 25.091394
3929 24.739826
3930 24.379818
3931 24.011827
3932 23.636326
3933 23.253792
3934 22.864716
3935 22.469595
3936 22.068937
3937 21.663258
3938 21.253077
3939 20.838923
3940 20.421329
3941 20.000832
3942 19.577971
3943 19.153284
3944 18.727310
3945 18.300591
3946 17.873655
3947 17.447035
3948 17.021246
3949 16.596802
3950 16.174202
3951 15.753934
3952 15.336471
3953 14.922265
3954 14.511756
3955 14.105358
3956 13.703467
3957 13.306453
3958 12.914660
3959 12.528406
3960 12.147984
3961 11.773652
3962 11.405643
3963 11.044155
3964 10.689358
3965 10.341386
3966 10.000343
3967 9.666303
3968 9.339304
3969 9.019354
3970 8.706431
3971 8.400484
3972 8.101433
3973 7.809169
3974 7.523563
3975 7.244460
3976 6.971685
3977 6.705046
3978 6.444335
3979 6.189333
3980 5.939812
3981 5.695539
3982 5.456279
3983 5.221799
3984 4.991872
3985 4.766282
3986 4.544823
3987 4.327311
3988 4.113582
3989 3.903496
3990 3.696945
3991 3.493852
3992 3.294178
3993 3.097922
3994 2.905127
3995 2.715881
3996 2.530321
3997 2.348633
3998 2.171055
3999 1.997879
4000 1.829448
4001 1.666162
4002 1.508473
4003 1.356888
4004 1.211962
4005 1.074305
4006 0.944569
4007 0.823454
4008 0.711700
4009 0.610082
4010 0.519408
4011 0.440512
4012 0.374250
4013 0.321488
4014 0.283105
4015 0.259974
4016 0.252965
4017 0.262931
4018 0.290699
4019 0.337066
4020 0.402787
4021 0.488565
4022 0.595045
4023 0.722807
4024 0.872349
4025 1.044087
4026 1.238342
4027 1.455335
4028 1.695176
4029 1.957860
4030 2.243256
4031 2.551108
4032 2.881023
4033 3.232471
4034 3.604781
4035 3.997133
4036 4.408565
4037 4.837965
4038 5.284076
4039 5.745493
4040 6.220671
4041 6.707923
4042 7.205430
4043 7.711242
4044 8.223289
4045 8.739388
4046 9.257252
4047 9.774500
4048 10.288668
4049 10.797225
4050 11.297583
4051 11.787109
4052 12.263146
4053 12.723025
4054 13.164081
4055 13.583669
4056 13.979183
4057 14.348075
4058 14.687865
4059 14.996169
4060 15.270706
4061 15.509322
4062 15.710006
4063 15.870901
4064 15.990328
4065 16.066792
4066 16.099001
4067 16.085880
4068 16.026581
4069 15.920491
4070 15.767246
4071 15.566737
4072 15.319115
4073 15.024795
4074 14.684464
4075 14.299076
4076 13.869860
4077 13.398305
4078 12.886170
4079 12.335468
4080 11.748464
4081 11.127661
4082 10.475793
4083 9.795809
4084 9.090861
4085 8.364286
4086 7.619589
4087 6.860421
4088 6.090565
4089 5.313907
4090 4.534421
4091 3.756139
4092 2.983129
4093 2.219473
4094 1.469238
4095 0.736452
4096 0.025078
4097 0.661008
4098 1.318049
4099 1.942424
4100 2.530679
4101 3.079543
4102 3.585957
4103 4.047091
4104 4.460364
4105 4.823465
4106 5.134364
4107 5.391335
4108 5.592960
4109 5.738149
4110 5.826141
4111 5.856516
4112 5.829198
4113 5.744459
4114 5.602913
4115 5.405524
4116 5.153591
4117 4.848749
4118 4.492954
4119 4.088478
4120 3.637887
4121 3.144034
4122 2.610037
4123 2.039258
4124 1.435285
4125 0.801909
4126 0.143098
4127 0.537028
4128 1.234223
4129 1.944144
4130 2.662378
4131 3.384470
4132 4.105955
4133 4.822387
4134 5.529365
4135 6.222567
4136 6.897774
4137 7.550900
4138 8.178021
4139 8.775399
4140 9.339503
4141 9.867042
4142 10.354974
4143 10.800539
4144 11.201268
4145 11.555001
4146 11.859905
4147 12.114479
4148 12.317570
4149 12.468374
4150 12.566445
4151 12.611696
4152 12.604399
4153 12.545177
4154 12.435006
4155 12.275207
4156 12.067426
4157 11.813634
4158 11.516107
4159 11.177407
4160 10.800367
4161 10.388070
4162 9.943825
4163 9.471146
4164 8.973722
4165 8.455401
4166 7.920149
4167 7.372035
4168 6.815192
4169 6.253796
4170 5.692033
4171 5.134070
4172 4.584027
4173 4.045949
4174 3.523776
4175 3.021321
4176 2.542237
4177 2.089999
4178 1.667876
4179 1.278912
4180 0.925903
4181 0.611383
4182 0.337602
4183 0.106517
4184 0.080224
4185 0.221290
4186 0.315679
4187 0.362715
4188 0.362062
4189 0.313717
4190 0.218010
4191 0.075603
4192 0.112516
4193 0.345044
4194 0.620373
4195 0.936598
4196 1.291535
4197 1.682738
4198 2.107512
4199 2.562935
4200 3.045881
4201 3.553036
4202 4.080927
4203 4.625941
4204 5.184353
4205 5.752348
4206 6.326049
4207 6.901544
4208 7.474906
4209 8.042224
4210 8.599627
4211 9.143306
4212 9.669540
4213 10.174723
4214 10.655377
4215 11.108183
4216 11.529993
4217 11.917853
4218 12.269019
4219 12.580971
4220 12.851427
4221 13.078357
4222 13.259991
4223 13.394826
4224 13.481637
4225 13.519477
4226 13.507682
4227 13.445869
4228 13.333939
4229 13.172071
4230 12.960714
4231 12.700592
4232 12.392680
4233 12.038208
4234 11.638640
4235 11.195669
4236 10.711198
4237 10.187324
4238 9.626328
4239 9.030656
4240 8.402894
4241 7.745760
4242 7.062082
4243 6.354773
4244 5.626820
4245 4.881259
4246 4.121159
4247 3.349601
4248 2.569659
4249 1.784383
4250 0.996779
4251 0.209794
4252 0.573700
4253 1.350924
4254 2.119206
4255 2.875992
4256 3.618860
4257 4.345532
4258 5.053882
4259 5.741948
4260 6.407934
4261 7.050222
4262 7.667374
4263 8.258132
4264 8.821427
4265 9.356377
4266 9.862281
4267 10.338626
4268 10.785081
4269 11.201488
4270 11.587865
4271 11.944392
4272 12.271413
4273 12.569417
4274 12.839038
4275 13.081042
4276 13.296317
4277 13.485864
4278 13.650781
4279 13.792260
4280 13.911569
4281 14.010038
4282 14.089058
4283 14.150057
4284 14.194492
4285 14.223845
4286 14.239598
4287 14.243237
4288 14.236226
4289 14.220012
4290 14.196003
4291 14.165569
4292 14.130027
4293 14.090633
4294 14.048584
4295 14.005000
4296 13.960928
4297 13.917332
4298 13.875092
4299 13.834999
4300 13.797757
4301 13.763977
4302 13.734178
4303 13.708789
4304 13.688148
4305 13.672503
4306 13.662020
4307 13.656777
4308 13.656777
4309 13.661942
4310 13.672130
4311 13.687127
4312 13.706662
4313 13.730411
4314 13.757998
4315 13.789009
4316 13.822991
4317 13.859465
4318 13.897928
4319 13.937861
4320 13.978740
4321 14.020032
4322 14.061212
4323 14.101763
4324 14.141185
4325 14.178995
4326 14.214742
4327 14.248000
4328 14.278381
4329 14.305536
4330 14.329157
4331 14.348983
4332 14.364798
4333 14.376437
4334 14.383788
4335 14.386788
4336 14.385428
4337 14.379749
4338 14.369846
4339 14.355863
4340 14.337991
4341 14.316469
4342 14.291582
4343 14.263651
4344 14.233038
4345 14.200140
4346 14.165380
4347 14.129210
4348 14.092104
4349 14.054548
4350 14.017045
4351 13.980102
4352 13.944226
4353 13.909925
4354 13.877698
4355 13.848026
4356 13.821378
4357 13.798195
4358 13.778894
4359 13.763860
4360 13.753438
4361 13.747938
4362 13.747624
4363 13.752714
4364 13.763377
4365 13.779729
4366 13.801833
4367 13.829697
4368 13.863271
4369 13.902448
4370 13.947062
4371 13.996895
4372 14.051664
4373 14.111036
4374 14.174622
4375 14.241979
4376 14.312614
4377 14.385991
4378 14.461525
4379 14.538592
4380 14.616532
4381 14.694651
4382 14.772226
4383 14.848515
4384 14.922750
4385 14.994156
4386 15.061944
4387 15.125326
4388 15.183513
4389 15.235723
4390 15.281190
4391 15.319161
4392 15.348910
4393 15.369737
4394 15.380974
4395 15.381990
4396 15.372199
4397 15.351056
4398 15.318069
4399 15.272797
4400 15.214854
4401 15.143916
4402 15.059715
4403 14.962050
4404 14.850781
4405 14.725836
4406 14.587204
4407 14.434942
4408 14.269176
4409 14.090089
4410 13.897931
4411 13.693016
4412 13.475712
4413 13.246446
4414 13.005700
4415 12.754006
4416 12.491944
4417 12.220135
4418 11.939240
4419 11.649958
4420 11.353015
4421 11.049166
4422 10.739182
4423 10.423858
4424 10.103993
4425 9.780399
4426 9.453886
4427 9.125261
4428 8.795327
4429 8.464871
4430 8.134667
4431 7.805469
4432 7.478004
4433 7.152974
4434 6.831052
4435 6.512875
4436 6.199046
4437 5.890128
4438 5.586648
4439 5.289088
4440 4.997891
4441 4.713457
4442 4.436141
4443 4.166260
4444 3.904084
4445 3.649847
4446 3.403740
4447 3.165917
4448 2.936496
4449 2.715562
4450 2.503166
4451 2.299333
4452 2.104060
4453 1.917321
4454 1.739070
4455 1.569246
4456 1.407770
4457 1.254556
4458 1.109508
4459 0.972526
4460 0.843509
4461 0.722356
4462 0.608968
4463 0.503254
4464 0.405129
4465 0.314516
4466 0.231352
4467 0.155584
4468 0.087170
4469 0.026083
4470 0.027691
4471 0.074155
4472 0.113299
4473 0.145102
4474 0.169535
4475 0.186559
4476 0.196131
4477 0.198206
4478 0.192735
4479 0.179673
4480 0.158981
4481 0.130629
4482 0.094596
4483 0.050881
4484 0.000503
4485 0.059517
4486 0.126096
4487 0.200148
4488 0.281546
4489 0.370128
4490 0.465694
4491 0.568002
4492 0.676767
4493 0.791658
4494 0.912298
4495 1.038261
4496 1.169076
4497 1.304218
4498 1.443118
4499 1.585159
4500 1.729676
4501 1.875964
4502 2.023274
4503 2.170820
4504 2.317781
4505 2.463308
4506 2.606524
4507 2.746533
4508 2.882424
4509 3.013278
4510 3.138172
4511 3.256188
4512 3.366420
4513 3.467980
4514 3.560005
4515 3.641665
4516 3.712170
4517 3.770777
4518 3.816798
4519 3.849607
4520 3.868644
4521 3.873425
4522 3.863544
4523 3.838683
4524 3.798613
4525 3.743197
4526 3.672400
4527 3.586284
4528 3.485016
4529 3.368866
4530 3.238208
4531 3.093519
4532 2.935381
4533 2.764474
4534 2.581574
4535 2.387551
4536 2.183363
4537 1.970049
4538 1.748722
4539 1.520563
4540 1.286814
4541 1.048763
4542 0.807741
4543 0.565108
4544 0.322242
4545 0.080530
4546 0.158645
4547 0.393918
4548 0.623949
4549 0.847442
4550 1.063149
4551 1.269891
4552 1.466562
4553 1.652144
4554 1.825718
4555 1.986474
4556 2.133720
4557 2.266893
4558 2.385566
4559 2.489453
4560 2.578419
4561 2.652483
4562 2.711824
4563 2.756782
4564 2.787857
4565 2.805716
4566 2.811187
4567 2.805257
4568 2.789069
4569 2.763920
4570 2.731247
4571 2.692627
4572 2.649764
4573 2.604478
4574 2.558699
4575 2.514446
4576 2.473823
4577 2.438997
4578 2.412186
4579 2.395643
4580 2.391639
4581 2.402446
4582 2.430320
4583 2.477482
4584 2.546103
4585 2.638283
4586 2.756035
4587 2.901268
4588 3.075769
4589 3.281190
4590 3.519029
4591 3.790616
4592 4.097102
4593 4.439441
4594 4.818387
4595 5.234475
4596 5.688019
4597 6.179103
4598 6.707573
4599 7.273036
4600 7.874858
4601 8.512159
4602 9.183822
4603 9.888487
4604 10.624562
4605 11.390228
4606 12.183447
4607 13.001968
4608 13.843347
4609 14.704948
4610 15.583970
4611 16.477453
4612 17.382298
4613 18.295290
4614 19.213106
4615 20.132347
4616 21.049551
4617 21.961218
4618 22.863825
4619 23.753862
4620 24.627840
4621 25.482319
4622 26.313929
4623 27.119394
4624 27.895552
4625 28.639370
4626 29.347973
4627 30.018658
4628 30.648907
4629 31.236410
4630 31.779079
4631 32.275063
4632 32.722748
4633 33.120785
4634 33.468086
4635 33.763840
4636 34.007507
4637 34.198830
4638 34.337837
4639 34.424831
4640 34.460392
4641 34.445385
4642 34.380932
4643 34.268421
4644 34.109482
4645 33.905994
4646 33.660057
4647 33.373981
4648 33.050270
4649 32.691612
4650 32.300854
4651 31.880978
4652 31.435093
4653 30.966412
4654 30.478218
4655 29.973858
4656 29.456715
4657 28.930183
4658 28.397650
4659 27.862474
4660 27.327963
4661 26.797354
4662 26.273788
4663 25.760302
4664 25.259800
4665 24.775040
4666 24.308619
4667 23.862953
4668 23.440273
4669 23.042604
4670 22.671757
4671 22.329321
4672 22.016657
4673 21.734892
4674 21.484907
4675 21.267349
4676 21.082617
4677 20.930870
4678 20.812031
4679 20.725780
4680 20.671579
4681 20.648655
4682 20.656031
4683 20.692518
4684 20.756741
4685 20.847136
4686 20.961977
4687 21.099380
4688 21.257324
4689 21.433659
4690 21.626131
4691 21.832392
4692 22.050018
4693 22.276529
4694 22.509401
4695 22.746082
4696 22.984018
4697 23.220657
4698 23.453474
4699 23.679979
4700 23.897741
4701 24.104393
4702 24.297649
4703 24.475319
4704 24.635315
4705 24.775667
4706 24.894526
4707 24.990181
4708 25.061060
4709 25.105740
4710 25.122944
4711 25.111559
4712 25.070627
4713 24.999355
4714 24.897110
4715 24.763418
4716 24.597971
4717 24.400616
4718 24.171356
4719 23.910347
4720 23.617893
4721 23.294437
4722 22.940559
4723 22.556967
4724 22.144491
4725 21.704077
4726 21.236776
4727 20.743738
4728 20.226204
4729 19.685492
4730 19.122997
4731 18.540178
4732 17.938547
4733 17.319668
4734 16.685135
4735 16.036583
4736 15.375661
4737 14.704041
4738 14.023399
4739 13.335413
4740 12.641755
4741 11.944088
4742 11.244057
4743 10.543284
4744 9.843368
4745 9.145870
4746 8.452323
4747 7.764216
4748 7.082998
4749 6.410072
4750 5.746796
4751 5.094474
4752 4.454363
4753 3.827664
4754 3.215522
4755 2.619030
4756 2.039219
4757 1.477067
4758 0.933488
4759 0.409340
4760 0.094581
4761 0.577539
4762 1.038861
4763 1.477935
4764 1.894215
4765 2.287214
4766 2.656514
4767 3.001761
4768 3.322667
4769 3.619010
4770 3.890638
4771 4.137468
4772 4.359488
4773 4.556753
4774 4.729394
4775 4.877616
4776 5.001694
4777 5.101981
4778 5.178903
4779 5.232963
4780 5.264740
4781 5.274890
4782 5.264144
4783 5.233308
4784 5.183265
4785 5.114968
4786 5.029446
4787 4.927796
4788 4.811182
4789 4.680837
4790 4.538050
4791 4.384173
4792 4.220611
4793 4.048815
4794 3.870285
4795 3.686554
4796 3.499193
4797 3.309793
4798 3.119969
4799 2.931345
4800 2.745546
4801 2.564198
4802 2.388910
4803 2.221271
4804 2.062839
4805 1.915135
4806 1.779629
4807 1.657735
4808 1.550802
4809 1.460101
4810 1.386821
4811 1.332060
4812 1.296812
4813 1.281967
4814 1.288297
4815 1.316452
4816 1.366955
4817 1.440194
4818 1.536418
4819 1.655735
4820 1.798106
4821 1.963343
4822 2.151109
4823 2.360917
4824 2.592130
4825 2.843961
4826 3.115478
4827 3.405606
4828 3.713131
4829 4.036708
4830 4.374862
4831 4.726001
4832 5.088419
4833 5.460311
4834 5.839778
4835 6.224839
4836 6.613442
4837 7.003479
4838 7.392794
4839 7.779200
4840 8.160488
4841 8.534449
4842 8.898875
4843 9.251589
4844 9.590445
4845 9.913351
4846 10.218280
4847 10.503283
4848 10.766504
4849 11.006193
4850 11.220716
4851 11.408570
4852 11.568391
4853 11.698967
4854 11.799243
4855 11.868337
4856 11.905538
4857 11.910318
4858 11.882338
4859 11.821445
4860 11.727686
4861 11.601295
4862 11.442706
4863 11.252544
4864 11.031629
4865 10.780961
4866 10.501730
4867 10.195298
4868 9.863196
4869 9.507118
4870 9.128905
4871 8.730540
4872 8.314133
4873 7.881908
4874 7.436197
4875 6.979413
4876 6.514047
4877 6.042646
4878 5.567800
4879 5.092124
4880 4.618246
4881 4.148785
4882 3.686337
4883 3.233462
4884 2.792661
4885 2.366368
4886 1.956930
4887 1.566591
4888 1.197483
4889 0.851608
4890 0.530829
4891 0.236855
4892 0.028768
4893 0.264666
4894 0.469647
4895 0.642707
4896 0.783039
4897 0.890033
4898 0.963284
4899 1.002594
4900 1.007969
4901 0.979625
4902 0.917981
4903 0.823660
4904 0.697482
4905 0.540462
4906 0.353799
4907 0.138874
4908 0.102763
4909 0.369402
4910 0.659182
4911 0.970102
4912 1.300038
4913 1.646749
4914 2.007897
4915 2.381057
4916 2.763731
4917 3.153369
4918 3.547377
4919 3.943134
4920 4.338010
4921 4.729380
4922 5.114636
4923 5.491207
4924 5.856568
4925 6.208260
4926 6.543896
4927 6.861182
4928 7.157921
4929 7.432034
4930 7.681561
4931 7.904676
4932 8.099699
4933 8.265095
4934 8.399488
4935 8.501668
4936 8.570590
4937 8.605383
4938 8.605350
4939 8.569970
4940 8.498903
4941 8.391983
4942 8.249223
4943 8.070808
4944 7.857095
4945 7.608608
4946 7.326031
4947 7.010206
4948 6.662123
4949 6.282917
4950 5.873853
4951 5.436325
4952 4.971844
4953 4.482025
4954 3.968585
4955 3.433323
4956 2.878119
4957 2.304916
4958 1.715715
4959 1.112558
4960 0.497522
4961 0.127293
4962 0.759776
4963 1.397813
4964 2.039299
4965 2.682150
4966 3.324308
4967 3.963751
4968 4.598507
4969 5.226655
4970 5.846337
4971 6.455765
4972 7.053227
4973 7.637094
4974 8.205822
4975 8.757961
4976 9.292161
4977 9.807168
4978 10.301833
4979 10.775116
4980 11.226082
4981 11.653906
4982 12.057876
4983 12.437386
4984 12.791944
4985 13.121163
4986 13.424768
4987 13.702589
4988 13.954557
4989 14.180707
4990 14.381170
4991 14.556174
4992 14.706036
4993 14.831160
4994 14.932034
4995 15.009222
4996 15.063366
4997 15.095171
4998 15.105411
4999 15.094914
5000 15.064567
5001 15.015302
5002 14.948093
5003 14.863958
5004 14.763943
5005 14.649121
5006 14.520594
5007 14.379474
5008 14.226891
5009 14.063982
5010 13.891889
5011 13.711749
5012 13.524698
5013 13.331860
5014 13.134346
5015 12.933250
5016 12.729647
5017 12.524582
5018 12.319077
5019 12.114123
5020 11.910676
5021 11.709656
5022 11.511944
5023 11.318380
5024 11.129762
5025 10.946841
5026 10.770324
5027 10.600867
5028 10.439081
5029 10.285522
5030 10.140699
5031 10.005066
5032 9.879026
5033 9.762933
5034 9.657082
5035 9.561720
5036 9.477042
5037 9.403192
5038 9.340259
5039 9.288286
5040 9.247268
5041 9.217148
5042 9.197824
5043 9.189153
5044 9.190942
5045 9.202960
5046 9.224936
5047 9.256561
5048 9.297489
5049 9.347342
5050 9.405709
5051 9.472151
5052 9.546201
5053 9.627370
5054 9.715146
5055 9.808996
5056 9.908375
5057 10.012717
5058 10.121452
5059 10.233995
5060 10.349758
5061 10.468147
5062 10.588566
5063 10.710421
5064 10.833119
5065 10.956074
5066 11.078705
5067 11.200441
5068 11.320724
5069 11.439001
5070 11.554742
5071 11.667428
5072 11.776555
5073 11.881642
5074 11.982222
5075 12.077850
5076 12.168103
5077 12.252575
5078 12.330885
5079 12.402672
5080 12.467597
5081 12.525345
5082 12.575619
5083 12.618147
5084 12.652677
5085 12.678978
5086 12.696839
5087 12.706071
5088 12.706502
5089 12.697981
5090 12.680372
5091 12.653561
5092 12.617445
5093 12.571943
5094 12.516986
5095 12.452521
5096 12.378510
5097 12.294928
5098 12.201762
5099 12.099016
5100 11.986704
5101 11.864853
5102 11.733503
5103 11.592708
5104 11.442531
5105 11.283051
5106 11.114361
5107 10.936563
5108 10.749778
5109 10.554138
5110 10.349792
5111 10.136904
5112 9.915653
5113 9.686238
5114 9.448875
5115 9.203796
5116 8.951256
5117 8.691526
5118 8.424902
5119 8.151698
5120 7.872251
5121 7.586918
5122 7.296082
5123 7.000144
5124 6.699531
5125 6.394691
5126 6.086092
5127 5.774225
5128 5.459601
5129 5.142750
5130 4.824219
5131 4.504574
5132 4.184394
5133 3.864271
5134 3.544807
5135 3.226615
5136 2.910310
5137 2.596512
5138 2.285840
5139 1.978910
5140 1.676330
5141 1.378699
5142 1.086600
5143 0.800600
5144 0.521243
5145 0.249047
5146 0.015498
5147 0.271937
5148 0.519851
5149 0.758864
5150 0.988641
5151 1.208899
5152 1.419403
5153 1.619973
5154 1.810488
5155 1.990885
5156 2.161160
5157 2.321378
5158 2.471662
5159 2.612207
5160 2.743269
5161 2.865172
5162 2.978307
5163 3.083129
5164 3.180155
5165 3.269966
5166 3.353199
5167 3.430550
5168 3.502767
5169 3.570646
5170 3.635029
5171 3.696796
5172 3.756864
5173 3.816176
5174 3.875700
5175 3.936420
5176 3.999331
5177 4.065430
5178 4.135712
5179 4.211159
5180 4.292736
5181 4.381384
5182 4.478011
5183 4.583484
5184 4.698623
5185 4.824198
5186 4.960916
5187 5.109417
5188 5.270271
5189 5.443970
5190 5.630922
5191 5.831449
5192 6.045781
5193 6.274054
5194 6.516305
5195 6.772475
5196 7.042402
5197 7.325824
5198 7.622377
5199 7.931597
5200 8.252923
5201 8.585695
5202 8.929163
5203 9.282486
5204 9.644740
5205 10.014920
5206 10.391951
5207 10.774687
5208 11.161927
5209 11.552418
5210 11.944860
5211 12.337923
5212 12.730249
5213 13.120465
5214 13.507191
5215 13.889049
5216 14.264676
5217 14.632732
5218 14.991909
5219 15.340940
5220 15.678615
5221 16.003778
5222 16.315350
5223 16.612326
5224 16.893789
5225 17.158916
5226 17.406982
5227 17.637373
5228 17.849583
5229 18.043222
5230 18.218021
5231 18.373835
5232 18.510639
5233 18.628538
5234 18.727760
5235 18.808659
5236 18.871708
5237 18.917505
5238 18.946758
5239 18.960293
5240 18.959034
5241 18.944008
5242 18.916338
5243 18.877224
5244 18.827948
5245 18.769852
5246 18.704338
5247 18.632856
5248 18.556887
5249 18.477938
5250 18.397532
5251 18.317186
5252 18.238415
5253 18.162708
5254 18.091522
5255 18.026270
5256 17.968306
5257 17.918921
5258 17.879332
5259 17.850664
5260 17.833954
5261 17.830128
5262 17.840006
5263 17.864288
5264 17.903555
5265 17.958248
5266 18.028685
5267 18.115046
5268 18.217365
5269 18.335548
5270 18.469353
5271 18.618401
5272 18.782179
5273 18.960039
5274 19.151203
5275 19.354769
5276 19.569717
5277 19.794918
5278 20.029135
5279 20.271036
5280 20.519211
5281 20.772165
5282 21.028341
5283 21.286131
5284 21.543882
5285 21.799908
5286 22.052507
5287 22.299971
5288 22.540596
5289 22.772696
5290 22.994619
5291 23.204750
5292 23.401531
5293 23.583467
5294 23.749144
5295 23.897228
5296 24.026484
5297 24.135778
5298 24.224096
5299 24.290541
5300 24.334337
5301 24.354849
5302 24.351572
5303 24.324146
5304 24.272354
5305 24.196119
5306 24.095514
5307 23.970755
5308 23.822197
5309 23.650343
5310 23.455828
5311 23.239418
5312 23.002012
5313 22.744623
5314 22.468382
5315 22.174522
5316 21.864378
5317 21.539368
5318 21.200991
5319 20.850811
5320 20.490450
5321 20.121578
5322 19.745895
5323 19.365131
5324 18.981018
5325 18.595297
5326 18.209694
5327 17.825909
5328 17.445614
5329 17.070435
5330 16.701941
5331 16.341637
5332 15.990957
5333 15.651251
5334 15.323776
5335 15.009696
5336 14.710067
5337 14.425836
5338 14.157836
5339 13.906780
5340 13.673259
5341 13.457738
5342 13.260559
5343 13.081934
5344 12.921950
5345 12.780569
5346 12.657629
5347 12.552849
5348 12.465827
5349 12.396052
5350 12.342906
5351 12.305664
5352 12.283509
5353 12.275535
5354 12.280751
5355 12.298093
5356 12.326431
5357 12.364577
5358 12.411293
5359 12.465298
5360 12.525281
5361 12.589906
5362 12.657823
5363 12.727675
5364 12.798108
5365 12.867777
5366 12.935356
5367 12.999545
5368 13.059077
5369 13.112726
5370 13.159311
5371 13.197705
5372 13.226837
5373 13.245700
5374 13.253355
5375 13.248933
5376 13.231638
5377 13.200753
5378 13.155639
5379 13.095737
5380 13.020569
5381 12.929740
5382 12.822936
5383 12.699925
5384 12.560554
5385 12.404747
5386 12.232508
5387 12.043911
5388 11.839105
5389 11.618305
5390 11.381795
5391 11.129916
5392 10.863070
5393 10.581714
5394 10.286352
5395 9.977540
5396 9.655871
5397 9.321980
5398 8.976537
5399 8.620239
5400 8.253814
5401 7.878011
5402 7.493599
5403 7.101365
5404 6.702107
5405 6.296635
5406 5.885766
5407 5.470320
5408 5.051125
5409 4.629004
5410 4.204781
5411 3.779278
5412 3.353311
5413 2.927692
5414 2.503225
5415 2.080706
5416 1.660924
5417 1.244657
5418 0.832676
5419 0.425740
5420 0.024596
5421 0.370017
5422 0.757372
5423 1.136756
5424 1.507466
5425 1.868812
5426 2.220118
5427 2.560721
5428 2.889974
5429 3.207244
5430 3.511916
5431 3.803392
5432 4.081094
5433 4.344465
5434 4.592969
5435 4.826096
5436 5.043361
5437 5.244308
5438 5.428514
5439 5.595586
5440 5.745169
5441 5.876945
5442 5.990638
5443 6.086017
5444 6.162898
5445 6.221143
5446 6.260671
5447 6.281454
5448 6.283521
5449 6.266961
5450 6.231926
5451 6.178634
5452 6.107365
5453 6.018471
5454 5.912369
5455 5.789549
5456 5.650569
5457 5.496060
5458 5.326722
5459 5.143324
5460 4.946705
5461 4.737770
5462 4.517488
5463 4.286893
5464 4.047077
5465 3.799187
5466 3.544424
5467 3.284034
5468 3.019309
5469 2.751576
5470 2.482195
5471 2.212552
5472 1.944051
5473 1.678110
5474 1.416152
5475 1.159600
5476 0.909868
5477 0.668351
5478 0.436423
5479 0.215427
5480 0.006665
5481 0.188607
5482 0.369185
5483 0.533929
5484 0.681764
5485 0.811691
5486 0.922792
5487 1.014234
5488 1.085279
5489 1.135282
5490 1.163702
5491 1.170103
5492 1.154156
5493 1.115643
5494 1.054457
5495 0.970608
5496 0.864217
5497 0.735519
5498 0.584861
5499 0.412702
5500 0.219607
5501 0.006247
5502 0.226606
5503 0.478087
5504 0.747238
5505 1.033016
5506 1.334303
5507 1.649908
5508 1.978578
5509 2.319004
5510 2.669833
5511 3.029670
5512 3.397096
5513 3.770670
5514 4.148941
5515 4.530459
5516 4.913781
5517 5.297484
5518 5.680171
5519 6.060484
5520 6.437107
5521 6.808779
5522 7.174302
5523 7.532545
5524 7.882452
5525 8.223054
5526 8.553463
5527 8.872890
5528 9.180638
5529 9.476116
5530 9.758832
5531 10.028401
5532 10.284545
5533 10.527090
5534 10.755970
5535 10.971225
5536 11.172994
5537 11.361518
5538 11.537131
5539 11.700261
5540 11.851418
5541 11.991197
5542 12.120260
5543 12.239339
5544 12.349223
5545 12.450753
5546 12.544809
5547 12.632308
5548 12.714189
5549 12.791406
5550 12.864919
5551 12.935685
5552 13.004650
5553 13.072736
5554 13.140838
5555 13.209808
5556 13.280456
5557 13.353534
5558 13.429735
5559 13.509682
5560 13.593925
5561 13.682933
5562 13.777093
5563 13.876705
5564 13.981976
5565 14.093019
5566 14.209856
5567 14.332413
5568 14.460521
5569 14.593917
5570 14.732248
5571 14.875074
5572 15.021869
5573 15.172027
5574 15.324867
5575 15.479641
5576 15.635538
5577 15.791693
5578 15.947193
5579 16.101088
5580 16.252398
5581 16.400122
5582 16.543245
5583 16.680756
5584 16.811647
5585 16.934931
5586 17.049646
5587 17.154869
5588 17.249720
5589 17.333380
5590 17.405087
5591 17.464157
5592 17.509983
5593 17.542048
5594 17.559925
5595 17.563290
5596 17.551922
5597 17.525709
5598 17.484653
5599 17.428873
5600 17.358599
5601 17.274183
5602 17.176096
5603 17.064922
5604 16.941362
5605 16.806229
5606 16.660442
5607 16.505024
5608 16.341097
5609 16.169874
5610 15.992652
5611 15.810804
5612 15.625772
5613 15.439058
5614 15.252211
5615 15.066818
5616 14.884500
5617 14.706891
5618 14.535634
5619 14.372369
5620 14.218718
5621 14.076276
5622 13.946602
5623 13.831206
5624 13.731538
5625 13.648975
5626 13.584819
5627 13.540278
5628 13.516465
5629 13.514384
5630 13.534925
5631 13.578856
5632 13.646819
5633 13.739323
5634 13.856737
5635 13.999293
5636 14.167079
5637 14.360036
5638 14.577960
5639 14.820502
5640 15.087170
5641 15.377328
5642 15.690202
5643 16.024883
5644 16.380331
5645 16.755384
5646 17.148758
5647 17.559063
5648 17.984804
5649 18.424393
5650 18.876154
5651 19.338341
5652 19.809139
5653 20.286680
5654 20.769051
5655 21.254311
5656 21.740492
5657 22.225618
5658 22.707716
5659 23.184822
5660 23.655003
5661 24.116350
5662 24.567005
5663 25.005169
5664 25.429098
5665 25.837133
5666 26.227692
5667 26.599285
5668 26.950523
5669 27.280123
5670 27.586912
5671 27.869835
5672 28.127960
5673 28.360483
5674 28.566727
5675 28.746143
5676 28.898321
5677 29.022984
5678 29.119982
5679 29.189302
5680 29.231060
5681 29.245502
5682 29.232994
5683 29.194027
5684 29.129204
5685 29.039240
5686 28.924955
5687 28.787266
5688 28.627182
5689 28.445795
5690 28.244276
5691 28.023859
5692 27.785841
5693 27.531572
5694 27.262438
5695 26.979866
5696 26.685305
5697 26.380217
5698 26.066074
5699 25.744349
5700 25.416500
5701 25.083971
5702 24.748178
5703 24.410503
5704 24.072287
5705 23.734823
5706 23.399351
5707 23.067049
5708 22.739029
5709 22.416328
5710 22.099916
5711 21.790676
5712 21.489410
5713 21.196835
5714 20.913574
5715 20.640169
5716 20.377064
5717 20.124615
5718 19.883081
5719 19.652639
5720 19.433367
5721 19.225256
5722 19.028215
5723 18.842064
5724 18.666548
5725 18.501329
5726 18.345999
5727 18.200077
5728 18.063023
5729 17.934233
5730 17.813049
5731 17.698769
5732 17.590637
5733 17.487871
5734 17.389650
5735 17.295128
5736 17.203445
5737 17.113720
5738 17.025072
5739 16.936615
5740 16.847467
5741 16.756763
5742 16.663651
5743 16.567301
5744 16.466915
5745 16.361727
5746 16.251009
5747 16.134081
5748 16.010307
5749 15.879107
5750 15.739957
5751 15.592394
5752 15.436019
5753 15.270502
5754 15.095579
5755 14.911063
5756 14.716837
5757 14.512862
5758 14.299175
5759 14.075891
5760 13.843202
5761 13.601377
5762 13.350766
5763 13.091790
5764 12.824949
5765 12.550815
5766 12.270031
5767 11.983311
5768 11.691432
5769 11.395239
5770 11.095633
5771 10.793571
5772 10.490065
5773 10.186172
5774 9.882994
5775 9.581671
5776 9.283377
5777 8.989313
5778 8.700704
5779 8.418792
5780 8.144832
5781 7.880083
5782 7.625806
5783 7.383256
5784 7.153677
5785 6.938296
5786 6.738316
5787 6.554911
5788 6.389223
5789 6.242352
5790 6.115354
5791 6.009234
5792 5.924942
5793 5.863369
5794 5.825338
5795 5.811606
5796 5.822858
5797 5.859699
5798 5.922657
5799 6.012177
5800 6.128616
5801 6.272246
5802 6.443249
5803 6.641716
5804 6.867645
5805 7.120943
5806 7.401422
5807 7.708802
5808 8.042712
5809 8.402689
5810 8.788180
5811 9.198545
5812 9.633056
5813 10.090905
5814 10.571201
5815 11.072979
5816 11.595197
5817 12.136746
5818 12.696451
5819 13.273078
5820 13.865334
5821 14.471875
5822 15.091315
5823 15.722224
5824 16.363136
5825 17.012558
5826 17.668972
5827 18.330841
5828 18.996613
5829 19.664734
5830 20.333645
5831 21.001791
5832 21.667627
5833 22.329626
5834 22.986277
5835 23.636091
5836 24.277620
5837 24.909441
5838 25.530172
5839 26.138475
5840 26.733059
5841 27.312685
5842 27.876163
5843 28.422367
5844 28.950222
5845 29.458721
5846 29.946920
5847 30.413939
5848 30.858965
5849 31.281254
5850 31.680130
5851 32.054985
5852 32.405289
5853 32.730568
5854 33.030426
5855 33.304535
5856 33.552631
5857 33.774521
5858 33.970074
5859 34.139217
5860 34.281956
5861 34.398338
5862 34.488480
5863 34.552555
5864 34.590786
5865 34.603455
5866 34.590878
5867 34.553440
5868 34.491554
5869 34.405689
5870 34.296345
5871 34.164066
5872 34.009434
5873 33.833054
5874 33.635582
5875 33.417686
5876 33.180077
5877 32.923481
5878 32.648659
5879 32.356388
5880 32.047470
5881 31.722733
5882 31.383013
5883 31.029171
5884 30.662083
5885 30.282642
5886 29.891758
5887 29.490347
5888 29.079346
5889 28.659697
5890 28.232359
5891 27.798298
5892 27.358488
5893 26.913914
5894 26.465565
5895 26.014441
5896 25.561539
5897 25.107868
5898 24.654434
5899 24.202248
5900 23.752316
5901 23.305643
5902 22.863234
5903 22.426083
5904 21.995176
5905 21.571495
5906 21.156002
5907 20.749645
5908 20.353357
5909 19.968050
5910 19.594608
5911 19.233892
5912 18.886732
5913 18.553925
5914 18.236231
5915 17.934368
5916 17.649014
5917 17.380796
5918 17.130297
5919 16.898035
5920 16.684479
5921 16.490038
5922 16.315048
5923 16.159790
5924 16.024464
5925 15.909201
5926 15.814057
5927 15.739013
5928 15.683963
5929 15.648726
5930 15.633034
5931 15.636535
5932 15.658795
5933 15.699293
5934 15.757422
5935 15.832493
5936 15.923730
5937 16.030277
5938 16.151199
5939 16.285482
5940 16.432035
5941 16.589697
5942 16.757242
5943 16.933372
5944 17.116743
5945 17.305943
5946 17.499521
5947 17.695980
5948 17.893791
5949 18.091389
5950 18.287195
5951 18.479607
5952 18.667023
5953 18.847836
5954 19.020452
5955 19.183289
5956 19.334795
5957 19.473446
5958 19.597763
5959 19.706314
5960 19.797729
5961 19.870699
5962 19.923988
5963 19.956448
5964 19.967007
5965 19.954699
5966 19.918653
5967 19.858109
5968 19.772413
5969 19.661036
5970 19.523569
5971 19.359726
5972 19.169350
5973 18.952419
5974 18.709042
5975 18.439459
5976 18.144049
5977 17.823320
5978 17.477917
5979 17.108612
5980 16.716305
5981 16.302023
5982 15.866908
5983 15.412220
5984 14.939326
5985 14.449697
5986 13.944896
5987 13.426577
5988 12.896470
5989 12.356377
5990 11.808158
5991 11.253725
5992 10.695030
5993 10.134054
5994 9.572797
5995 9.013265
5996 8.457460
5997 7.907371
5998 7.364955
5999 6.832135
6000 6.310782
6001 5.802705
6002 5.309642
6003 4.833249
6004 4.375088
6005 3.936618
6006 3.519187
6007 3.124023
6008 2.752224
6009 2.404752
6010 2.082429
6011 1.785925
6012 1.515758
6013 1.272290
6014 1.055721
6015 0.866087
6016 0.703260
6017 0.566949
6018 0.456695
6019 0.371881
6020 0.311724
6021 0.275290
6022 0.261488
6023 0.269082
6024 0.296695
6025 0.342816
6026 0.405808
6027 0.483918
6028 0.575284
6029 0.677948
6030 0.789864
6031 0.908912
6032 1.032906
6033 1.159612
6034 1.286757
6035 1.412039
6036 1.533148
6037 1.647772
6038 1.753613
6039 1.848402
6040 1.929909
6041 1.995958
6042 2.044439
6043 2.073319
6044 2.080658
6045 2.064615
6046 2.023463
6047 1.955596
6048 1.859544
6049 1.733973
6050 1.577701
6051 1.389701
6052 1.169108
6053 0.915223
6054 0.627522
6055 0.305653
6056 0.050560
6057 0.441111
6058 0.865819
6059 1.324323
6060 1.816088
6061 2.340405
6062 2.896397
6063 3.483022
6064 4.099080
6065 4.743218
6066 5.413941
6067 6.109618
6068 6.828488
6069 7.568677
6070 8.328201
6071 9.104983
6072 9.896861
6073 10.701599
6074 11.516902
6075 12.340427
6076 13.169798
6077 14.002614
6078 14.836466
6079 15.668948
6080 16.497671
6081 17.320276
6082 18.134441
6083 18.937901
6084 19.728451
6085 20.503967
6086 21.262409
6087 22.001829
6088 22.720390
6089 23.416367
6090 24.088154
6091 24.734278
6092 25.353399
6093 25.944317
6094 26.505981
6095 27.037485
6096 27.538078
6097 28.007160
6098 28.444288
6099 28.849176
6100 29.221691
6101 29.561852
6102 29.869833
6103 30.145950
6104 30.390673
6105 30.604599
6106 30.788469
6107 30.943150
6108 31.069630
6109 31.169012
6110 31.242506
6111 31.291426
6112 31.317167
6113 31.321218
6114 31.305136
6115 31.270542
6116 31.219110
6117 31.152567
6118 31.072668
6119 30.981199
6120 30.879965
6121 30.770773
6122 30.655434
6123 30.535749
6124 30.413498
6125 30.290440
6126 30.168289
6127 30.048729
6128 29.933388
6129 29.823837
6130 29.721588
6131 29.628084
6132 29.544693
6133 29.472710
6134 29.413342
6135 29.367710
6136 29.336851
6137 29.321707
6138 29.323124
6139 29.341854
6140 29.378551
6141 29.433775
6142 29.507982
6143 29.601534
6144 29.714695
6145 29.847633
6146 30.000423
6147 30.173042
6148 30.365379
6149 30.577238
6150 30.808332
6151 31.058294
6152 31.326674
6153 31.612947
6154 31.916521
6155 32.236725
6156 32.572826
6157 32.924038
6158 33.289501
6159 33.668320
6160 34.059532
6161 34.462147
6162 34.875122
6163 35.297375
6164 35.727806
6165 36.165272
6166 36.608612
6167 37.056641
6168 37.508167
6169 37.961971
6170 38.416836
6171 38.871544
6172 39.324863
6173 39.775574
6174 40.222466
6175 40.664333
6176 41.099983
6177 41.528252
6178 41.947987
6179 42.358059
6180 42.757378
6181 43.144875
6182 43.519524
6183 43.880329
6184 44.226349
6185 44.556667
6186 44.870438
6187 45.166851
6188 45.445152
6189 45.704647
6190 45.944698
6191 46.164734
6192 46.364243
6193 46.542778
6194 46.699966
6195 46.835506
6196 46.949165
6197 47.040791
6198 47.110298
6199 47.157688
6200 47.183029
6201 47.186485
6202 47.168282
6203 47.128735
6204 47.068233
6205 46.987255
6206 46.886345
6207 46.766132
6208 46.627316
6209 46.470676
6210 46.297058
6211 46.107380
6212 45.902622
6213 45.683834
6214 45.452122
6215 45.208645
6216 44.954617
6217 44.691292
6218 44.419975
6219 44.142002
6220 43.858742
6221 43.571583
6222 43.281940
6223 42.991238
6224 42.700909
6225 42.412380
6226 42.127079
6227 41.846416
6228 41.571785
6229 41.304550
6230 41.046036
6231 40.797539
6232 40.560299
6233 40.335514
6234 40.124310
6235 39.927753
6236 39.746841
6237 39.582493
6238 39.435547
6239 39.306755
6240 39.196777
6241 39.106190
6242 39.035454
6243 38.984947
6244 38.954937
6245 38.945587
6246 38.956955
6247 38.988995
6248 39.041553
6249 39.114368
6250 39.207081
6251 39.319214
6252 39.450203
6253 39.599380
6254 39.765984
6255 39.949154
6256 40.147945
6257 40.361336
6258 40.588223
6259 40.827423
6260 41.077698
6261 41.337742
6262 41.606194
6263 41.881653
6264 42.162678
6265 42.447781
6266 42.735462
6267 43.024204
6268 43.312469
6269 43.598721
6270 43.881428
6271 44.159073
6272 44.430149
6273 44.693176
6274 44.946720
6275 45.189369
6276 45.419762
6277 45.636589
6278 45.838604
6279 46.024612
6280 46.193497
6281 46.344200
6282 46.475750
6283 46.587250
6284 46.677883
6285 46.746929
6286 46.793739
6287 46.817768
6288 46.818550
6289 46.795712
6290 46.748981
6291 46.678165
6292 46.583172
6293 46.463993
6294 46.320713
6295 46.153496
6296 45.962605
6297 45.748375
6298 45.511219
6299 45.251633
6300 44.970188
6301 44.667522
6302 44.344341
6303 44.001411
6304 43.639561
6305 43.259674
6306 42.862682
6307 42.449562
6308 42.021339
6309 41.579075
6310 41.123859
6311 40.656822
6312 40.179104
6313 39.691879
6314 39.196331
6315 38.693668
6316 38.185089
6317 37.671818
6318 37.155064
6319 36.636044
6320 36.115967
6321 35.596031
6322 35.077431
6323 34.561329
6324 34.048889
6325 33.541245
6326 33.039497
6327 32.544735
6328 32.058014
6329 31.580351
6330 31.112734
6331 30.656115
6332 30.211401
6333 29.779467
6334 29.361132
6335 28.957178
6336 28.568336
6337 28.195284
6338 27.838652
6339 27.499012
6340 27.176878
6341 26.872707
6342 26.586897
6343 26.319782
6344 26.071629
6345 25.842640
6346 25.632954
6347 25.442631
6348 25.271667
6349 25.119987
6350 24.987436
6351 24.873791
6352 24.778746
6353 24.701929
6354 24.642883
6355 24.601082
6356 24.575914
6357 24.566704
6358 24.572687
6359 24.593039
6360 24.626848
6361 24.673143
6362 24.730881
6363 24.798946
6364 24.876165
6365 24.961302
6366 25.053064
6367 25.150106
6368 25.251032
6369 25.354403
6370 25.458740
6371 25.562534
6372 25.664246
6373 25.762314
6374 25.855164
6375 25.941214
6376 26.018875
6377 26.086571
6378 26.142735
6379 26.185822
6380 26.214312
6381 26.226728
6382 26.221630
6383 26.197634
6384 26.153412
6385 26.087700
6386 25.999315
6387 25.887148
6388 25.750181
6389 25.587488
6390 25.398245
6391 25.181730
6392 24.937340
6393 24.664576
6394 24.363070
6395 24.032570
6396 23.672955
6397 23.284229
6398 22.866531
6399 22.420130
6400 21.945423
6401 21.442944
6402 20.913351
6403 20.357437
6404 19.776114
6405 19.170422
6406 18.541513
6407 17.890659
6408 17.219233
6409 16.528713
6410 15.820670
6411 15.096765
6412 14.358732
6413 13.608384
6414 12.847589
6415 12.078272
6416 11.302397
6417 10.521963
6418 9.738992
6419 8.955517
6420 8.173573
6421 7.395185
6422 6.622361
6423 5.857078
6424 5.101272
6425 4.356831
6426 3.625580
6427 2.909279
6428 2.209606
6429 1.528155
6430 0.866422
6431 0.225804
6432 0.392413
6433 0.987057
6434 1.557077
6435 2.101548
6436 2.619674
6437 3.110791
6438 3.574370
6439 4.010017
6440 4.417479
6441 4.796635
6442 5.147504
6443 5.470236
6444 5.765117
6445 6.032557
6446 6.273094
6447 6.487382
6448 6.676193
6449 6.840406
6450 6.981000
6451 7.099050
6452 7.195716
6453 7.272239
6454 7.329928
6455 7.370154
6456 7.394339
6457 7.403949
6458 7.400483
6459 7.385463
6460 7.360427
6461 7.326918
6462 7.286473
6463 7.240617
6464 7.190853
6465 7.138652
6466 7.085446
6467 7.032622
6468 6.981512
6469 6.933385
6470 6.889446
6471 6.850824
6472 6.818573
6473 6.793659
6474 6.776966
6475 6.769288
6476 6.771323
6477 6.783678
6478 6.806862
6479 6.841291
6480 6.887284
6481 6.945063
6482 7.014758
6483 7.096408
6484 7.189964
6485 7.295290
6486 7.412169
6487 7.540305
6488 7.679333
6489 7.828817
6490 7.988262
6491 8.157114
6492 8.334772
6493 8.520590
6494 8.713885
6495 8.913945
6496 9.120034
6497 9.331399
6498 9.547277
6499 9.766904
6500 9.989516
6501 10.214363
6502 10.440710
6503 10.667843
6504 10.895078
6505 11.121762
6506 11.347285
6507 11.571077
6508 11.792617
6509 12.011436
6510 12.227118
6511 12.439306
6512 12.647706
6513 12.852084
6514 13.052271
6515 13.248160
6516 13.439715
6517 13.626963
6518 13.809993
6519 13.988963
6520 14.164091
6521 14.335658
6522 14.504001
6523 14.669516
6524 14.832648
6525 14.993896
6526 15.153805
6527 15.312956
6528 15.471974
6529 15.631516
6530 15.792265
6531 15.954930
6532 16.120239
6533 16.288933
6534 16.461761
6535 16.639479
6536 16.822836
6537 17.012581
6538 17.209448
6539 17.414156
6540 17.627403
6541 17.849861
6542 18.082174
6543 18.324951
6544 18.578766
6545 18.844151
6546 19.121592
6547 19.411530
6548 19.714355
6549 20.030411
6550 20.359982
6551 20.703295
6552 21.060526
6553 21.431793
6554 21.817154
6555 22.216612
6556 22.630108
6557 23.057529
6558 23.498709
6559 23.953419
6560 24.421385
6561 24.902277
6562 25.395718
6563 25.901283
6564 26.418503
6565 26.946867
6566 27.485830
6567 28.034809
6568 28.593189
6569 29.160328
6570 29.735559
6571 30.318201
6572 30.907545
6573 31.502882
6574 32.103481
6575 32.708618
6576 33.317562
6577 33.929585
6578 34.543961
6579 35.159985
6580 35.776951
6581 36.394176
6582 37.011002
6583 37.626781
6584 38.240898
6585 38.852768
6586 39.461819
6587 40.067532
6588 40.669403
6589 41.266979
6590 41.859825
6591 42.447556
6592 43.029819
6593 43.606304
6594 44.176731
6595 44.740864
6596 45.298504
6597 45.849487
6598 46.393688
6599 46.931019
6600 47.461422
6601 47.984879
6602 48.501396
6603 49.011013
6604 49.513805
6605 50.009865
6606 50.499313
6607 50.982296
6608 51.458981
6609 51.929550
6610 52.394207
6611 52.853168
6612 53.306664
6613 53.754936
6614 54.198235
6615 54.636822
6616 55.070957
6617 55.500916
6618 55.926964
6619 56.349373
6620 56.768421
6621 57.184380
6622 57.597523
6623 58.008114
6624 58.416416
6625 58.822701
6626 59.227222
6627 59.630230
6628 60.031979
6629 60.432716
6630 60.832684
6631 61.232121
6632 61.631260
6633 62.030342
6634 62.429592
6635 62.829243
6636 63.229530
6637 63.630672
6638 64.032913
6639 64.436470
6640 64.841583
6641 65.248497
6642 65.657433
6643 66.068634
6644 66.482361
6645 66.898842
6646 67.318336
6647 67.741089
6648 68.167374
6649 68.597427
6650 69.031525
6651 69.469910
6652 69.912857
6653 70.360611
6654 70.813431
6655 71.271568
6656 71.735252
6657 72.204720
6658 72.680191
6659 73.161873
6660 73.649956
6661 74.144608
6662 74.645988
6663 75.154228
6664 75.669418
6665 76.191635
6666 76.720932
6667 77.257294
6668 77.800713
6669 78.351112
6670 78.908386
6671 79.472382
6672 80.042908
6673 80.619713
6674 81.202507
6675 81.790962
6676 82.384682
6677 82.983238
6678 83.586128
6679 84.192818
6680 84.802734
6681 85.415237
6682 86.029648
6683 86.645248
6684 87.261269
6685 87.876923
6686 88.491356
6687 89.103714
6688 89.713104
6689 90.318611
6690 90.919296
6691 91.514214
6692 92.102417
6693 92.682945
6694 93.254860
6695 93.817223
6696 94.369110
6697 94.909630
6698 95.437920
6699 95.953148
6700 96.454544
6701 96.941376
6702 97.412956
6703 97.868683
6704 98.308014
6705 98.730476
6706 99.135689
6707 99.523338
6708 99.893227
6709 100.245216
6710 100.579300
6711 100.895538
6712 101.194115
6713 101.475319
6714 101.739525
6715 101.987228
6716 102.219032
6717 102.435623
6718 102.637802
6719 102.826485
6720 103.002663
6721 103.167412
6722 103.321930
6723 103.467468
6724 103.605362
6725 103.737022
6726 103.863922
6727 103.987587
6728 104.109604
6729 104.231575
6730 104.355156
6731 104.482018
6732 104.613838
6733 104.752312
6734 104.899124
6735 105.055923
6736 105.224373
6737 105.406059
6738 105.602562
6739 105.815376
6740 106.045967
6741 106.295700
6742 106.565880
6743 106.857727
6744 107.172356
6745 107.510796
6746 107.873962
6747 108.262672
6748 108.677620
6749 109.119385
6750 109.588425
6751 110.085068
6752 110.609528
6753 111.161903
6754 111.742149
6755 112.350105
6756 112.985489
6757 113.647919
6758 114.336861
6759 115.051704
6760 115.791710
6761 116.556053
6762 117.343819
6763 118.153976
6764 118.985443
6765 119.837044
6766 120.707558
6767 121.595688
6768 122.500084
6769 123.419373
6770 124.352142
6771 125.296951
6772 126.252335
6773 127.216827
6774 128.188980
6775 129.167328
6776 130.150421
6777 131.136841
6778 132.125198
6779 133.114151
6780 134.102356
6781 135.088547
6782 136.071503
6783 137.050064
6784 138.023102
6785 138.989563
6786 139.948441
6787 140.898819
6788 141.839798
6789 142.770584
6790 143.690414
6791 144.598602
6792 145.494492
6793 146.377518
6794 147.247131
6795 148.102844
6796 148.944244
6797 149.770889
6798 150.582413
6799 151.378510
6800 152.158829
6801 152.923111
6802 153.671051
6803 154.402405
6804 155.116882
6805 155.814255
6806 156.494263
6807 157.156616
6808 157.801041
6809 158.427277
6810 159.035004
6811 159.623901
6812 160.193634
6813 160.743851
6814 161.274155
6815 161.784180
6816 162.273499
6817 162.741699
6818 163.188324
6819 163.612946
6820 164.015091
6821 164.394318
6822 164.750183
6823 165.082230
6824 165.390045
6825 165.673203
6826 165.931366
6827 166.164154
6828 166.371307
6829 166.552567
6830 166.707748
6831 166.836731
6832 166.939468
6833 167.015991
6834 167.066422
6835 167.090973
6836 167.089966
6837 167.063812
6838 167.013046
6839 166.938309
6840 166.840378
6841 166.720108
6842 166.578537
6843 166.416748
6844 166.236038
6845 166.037735
6846 165.823334
6847 165.594452
6848 165.352783
6849 165.100113
6850 164.838379
6851 164.569565
6852 164.295715
6853 164.018982
6854 163.741531
6855 163.465607
6856 163.193451
6857 162.927322
6858 162.669495
6859 162.422211
6860 162.187683
6861 161.968048
6862 161.765411
6863 161.581757
6864 161.418976
6865 161.278854
6866 161.163010
6867 161.072937
6868 161.009918
6869 160.975067
6870 160.969299
6871 160.993286
6872 161.047516
6873 161.132187
6874 161.247253
6875 161.392426
6876 161.567108
6877 161.770477
6878 162.001373
6879 162.258377
6880 162.539810
6881 162.843658
6882 163.167664
6883 163.509293
6884 163.865692
6885 164.233841
6886 164.610367
6887 164.991745
6888 165.374176
6889 165.753677
6890 166.126099
6891 166.487106
6892 166.832199
6893 167.156799
6894 167.456223
6895 167.725708
6896 167.960434
6897 168.155624
6898 168.306442
6899 168.408157
6900 168.456100
6901 168.445663
6902 168.372421
6903 168.232086
6904 168.020584
6905 167.734039
6906 167.368835
6907 166.921616
6908 166.389343
6909 165.769287
6910 165.059097
6911 164.256729
6912 163.360580
6913 162.369415
6914 161.282440
6915 160.099258
6916 158.819931
6917 157.444946
6918 155.975250
6919 154.412247
6920 152.757751
6921 151.014053
6922 149.183853
6923 147.270309
6924 145.276962
6925 143.207733
6926 141.066971
6927 138.859329
6928 136.589828
6929 134.263779
6930 131.886765
6931 129.464630
6932 127.003448
6933 124.509430
6934 121.988968
6935 119.448547
6936 116.894753
6937 114.334152
6938 111.773361
6939 109.218895
6940 106.677231
6941 104.154686
6942 101.657425
6943 99.191399
6944 96.762321
6945 94.375633
6946 92.036446
6947 89.749519
6948 87.519241
6949 85.349579
6950 83.244072
6951 81.205780
6952 79.237274
6953 77.340637
6954 75.517387
6955 73.768547
6956 72.094551
6957 70.495293
6958 68.970100
6959 67.517738
6960 66.136406
6961 64.823738
6962 63.576828
6963 62.392242
6964 61.266018
6965 60.193687
6966 59.170307
6967 58.190479
6968 57.248375
6969 56.337772
6970 55.452076
6971 54.584373
6972 53.727444
6973 52.873817
6974 52.015816
6975 51.145584
6976 50.255131
6977 49.336384
6978 48.381233
6979 47.381569
6980 46.329319
6981 45.216522
6982 44.035332
6983 42.778103
6984 41.437389
6985 40.006031
6986 38.477154
6987 36.844227
6988 35.101105
6989 33.242043
6990 31.261745
6991 29.155384
6992 26.918634
6993 24.547688
6994 22.039280
6995 19.390709
6996 16.599848
6997 13.665156
6998 10.585690
6999 7.361104
7500 1528.104370
7501 1533.543457
7502 1538.868896
7503 1544.079590
7504 1549.174316
7505 1554.151978
7506 1559.011719
7507 1563.752441
7508 1568.373291
7509 1572.873291
7510 1577.251831
7511 1581.508179
7512 1585.641357
7513 1589.651123
7514 1593.536499
7515 1597.296997
7516 1600.932251
7517 1604.441528
7518 1607.824463
7519 1611.080566
7520 1614.209351
7521 1617.210205
7522 1620.082886
7523 1622.826782
7524 1625.441528
7525 1627.926514
7526 1630.281250
7527 1632.505127
7528 1634.597656
7529 1636.558105
7530 1638.385986
7531 1640.080444
7532 1641.640869
7533 1643.066406
7534 1644.356201
7535 1645.509521
7536 1646.525269
7537 1647.402710
7538 1648.140625
7539 1648.738037
7540 1649.194092
7541 1649.507324
7542 1649.676880
7543 1649.701538
7544 1649.579956
7545 1649.311279
7546 1648.893921
7547 1648.327026
7548 1647.609131
7549 1646.739136
7550 1645.715942
7551 1644.538208
7552 1643.205078
7553 1641.715088
7554 1640.067505
7555 1638.260986
7556 1636.294800
7557 1634.167847
7558 1631.879272
7559 1629.428223
7560 1626.813843
7561 1624.035522
7562 1621.092529
7563 1617.984131
7564 1614.709717
7565 1611.268921
7566 1607.661133
7567 1603.885864
7568 1599.942749
7569 1595.831543
7570 1591.551758
7571 1587.103027
7572 1582.485229
7573 1577.697876
7574 1572.740845
7575 1567.613892
7576 1562.316528
7577 1556.848755
7578 1551.209961
7579 1545.400024
7580 1539.418457
7581 1533.264893
7582 1526.939087
7583 1520.440186
7584 1513.768066
7585 1506.921753
7586 1499.901001
7587 1492.704834
7588 1485.332642
7589 1477.783569
7590 1470.056885
7591 1462.151489
7592 1454.066650
7593 1445.801147
7594 1437.354126
7595 1428.724487
7596 1419.911011
7597 1410.912598
7598 1401.728027
7599 1392.356323
7600 1382.796265
7601 1373.046509
7602 1363.106079
7603 1352.973877
7604 1342.648682
7605 1332.129517
7606 1321.415283
7607 1310.505249
7608 1299.398315
7609 1288.093750
7610 1276.590820
7611 1264.888916
7612 1252.987427
7613 1240.885864
7614 1228.584106
7615 1216.081665
7616 1203.378418
7617 1190.474365
7618 1177.369629
7619 1164.064331
7620 1150.558716
7621 1136.853271
7622 1122.948364
7623 1108.844604
7624 1094.542480
7625 1080.042969
7626 1065.346802
7627 1050.454712
7628 1035.367676
7629 1020.086609
7630 1004.612610
7631 988.946655
7632 973.089722
7633 957.042969
7634 940.807312
7635 924.383850
7636 907.773621
7637 890.977539
7638 873.996582
7639 856.831726
7640 839.483704
7641 821.953430
7642 804.241577
7643 786.348938
7644 768.276062
7645 750.023621
7646 731.592102
7647 712.981995
7648 694.193604
7649 675.227478
7650 656.083862
7651 636.763000
7652 617.265259
7653 597.590881
7654 577.740051
7655 557.713135
7656 537.510315
7657 517.131897
7658 496.578247
7659 475.849762
7660 454.946808
7661 433.869995
7662 412.619873
7663 391.197144
7664 369.602631
7665 347.837219
7666 325.901978
7667 303.798065
7668 281.526794
7669 259.089600
7670 236.488037
7671 213.723877
7672 190.798981
7673 167.715363
7674 144.475189
7675 121.080719
7676 97.534386
7677 73.838730
7678 49.996391
7679 26.010117
7680 1.882738
7681 22.382837
7682 46.783649
7683 71.316681
7684 95.978905
7685 120.767273
7686 145.678726
7687 170.710266
7688 195.858887
7689 221.121689
7690 246.495789
7691 271.978424
7692 297.566925
7693 323.258698
7694 349.051361
7695 374.942566
7696 400.930145
7697 427.012115
7698 453.186554
7699 479.451782
7700 505.806213
7701 532.248413
7702 558.777161
7703 585.391235
7704 612.089722
7705 638.871643
7706 665.736206
7707 692.682739
7708 719.710632
7709 746.819153
7710 774.007874
7711 801.276184
7712 828.623474
7713 856.049133
7714 883.552490
7715 911.132751
7716 938.789124
7717 966.520447
7718 994.325562
7719 1022.203186
7720 1050.151733
7721 1078.169312
7722 1106.254150
7723 1134.403687
7724 1162.615601
7725 1190.886963
7726 1219.214844
7727 1247.595825
7728 1276.026245
7729 1304.502319
7730 1333.019775
7731 1361.574341
7732 1390.161255
7733 1418.775513
7734 1447.412354
7735 1476.066284
7736 1504.731934
7737 1533.403687
7738 1562.076172
7739 1590.743408
7740 1619.399902
7741 1648.039795
7742 1676.657593
7743 1705.247559
7744 1733.804321
7745 1762.322632
7746 1790.797363
7747 1819.223633
7748 1847.596802
7749 1875.912720
7750 1904.167358
7751 1932.356934
7752 1960.478271
7753 1988.528564
7754 2016.505249
7755 2044.406250
7756 2072.229736
7757 2099.974609
7758 2127.640137
7759 2155.225342
7760 2182.730713
7761 2210.156006
7762 2237.502197
7763 2264.769775
7764 2291.959961
7765 2319.074219
7766 2346.113770
7767 2373.080811
7768 2399.976318
7769 2426.802490
7770 2453.561035
7771 2480.253174
7772 2506.880859
7773 2533.444824
7774 2559.946533
7775 2586.386230
7776 2612.764648
7777 2639.081055
7778 2665.335449
7779 2691.526367
7780 2717.652100
7781 2743.710693
7782 2769.698730
7783 2795.613281
7784 2821.449707
7785 2847.203613
7786 2872.868896
7787 2898.439697
7788 2923.909180
7789 2949.269531
7790 2974.513184
7791 2999.631104
7792 3024.614258
7793 3049.452881
7794 3074.136719
7795 3098.655762
7796 3122.998779
7797 3147.155273
7798 3171.113525
7799 3194.862549
7800 3218.391113
7801 3241.688232
7802 3264.742676
7803 3287.543701
7804 3310.081055
7805 3332.344727
7806 3354.324951
7807 3376.012695
7808 3397.399658
7809 3418.478027
7810 3439.240479
7811 3459.680908
7812 3479.793701
7813 3499.573975
7814 3519.017822
7815 3538.121582
7816 3556.883057
7817 3575.300537
7818 3593.373047
7819 3611.099854
7820 3628.481689
7821 3645.519043
7822 3662.212891
7823 3678.565430
7824 3694.577881
7825 3710.252686
7826 3725.591797
7827 3740.596924
7828 3755.269775
7829 3769.612305
7830 3783.624756
7831 3797.308105
7832 3810.661621
7833 3823.684082
7834 3836.373535
7835 3848.726562
7836 3860.738770
7837 3872.404297
7838 3883.716064
7839 3894.665527
7840 3905.242676
7841 3915.436035
7842 3925.232178
7843 3934.616699
7844 3943.572754
7845 3952.083008
7846 3960.127930
7847 3967.687012
7848 3974.737793
7849 3981.257324
7850 3987.221191
7851 3992.604004
7852 3997.379883
7853 4001.522461
7854 4005.004639
7855 4007.799072
7856 4009.879150
7857 4011.218018
7858 4011.789551
7859 4011.568359
7860 4010.530518
7861 4008.652832
7862 4005.914307
7863 4002.295166
7864 3997.778320
7865 3992.348633
7866 3985.993408
7867 3978.703125
7868 3970.470459
7869 3961.291504
7870 3951.165527
7871 3940.094727
7872 3928.085449
7873 3915.145996
7874 3901.289307
7875 3886.530518
7876 3870.888672
7877 3854.385498
7878 3837.045654
7879 3818.895996
7880 3799.966553
7881 3780.288818
7882 3759.896240
7883 3738.823242
7884 3717.105957
7885 3694.779785
7886 3671.881348
7887 3648.445557
7888 3624.507080
7889 3600.098633
7890 3575.250488
7891 3549.989990
7892 3524.341309
7893 3498.324463
7894 3471.954590
7895 3445.241699
7896 3418.189697
7897 3390.796387
7898 3363.052490
7899 3334.940674
7900 3306.436523
7901 3277.506836
7902 3248.109131
7903 3218.193115
7904 3187.697998
7905 3156.554199
7906 3124.682129
7907 3091.992920
7908 3058.388184
7909 3023.760010
7910 2987.990723
7911 2950.954834
7912 2912.517822
7913 2872.536865
7914 2830.862549
7915 2787.338135
7916 2741.801270
7917 2694.084473
7918 2644.016357
7919 2591.422119
7920 2536.125244
7921 2477.948486
7922 2416.714844
7923 2352.249268
7924 2284.379883
7925 2212.939453
7926 2137.766357
7927 2058.706543
7928 1975.614990
7929 1888.357178
7930 1796.810181
7931 1700.864746
7932 1600.426025
7933 1495.415527
7934 1385.772461
7935 1271.454590
7936 1152.439819
7937 1028.727173
7938 900.337952
7939 767.316589
7940 629.731506
7941 487.675812
7942 341.267853
7943 190.651703
7944 35.997433
7945 122.498749
7946 284.614502
7947 450.101532
7948 618.685852
7949 790.068542
7950 963.926025
7951 1139.911133
7952 1317.654175
7953 1496.764038
7954 1676.829224
7955 1857.419678
7956 2038.088379
7957 2218.372803
7958 2397.797363
7959 2575.874756
7960 2752.108643
7961 2925.995117
7962 3097.026123
7963 3264.691162
7964 3428.479736
7965 3587.884033
7966 3742.401123
7967 3891.536133
7968 4034.803955
7969 4171.732910
7970 4301.866699
7971 4424.765625
7972 4540.011230
7973 4647.207520
7974 4745.982422
7975 4835.991699
7976 4916.919434
7977 4988.479980
7978 5050.421387
7979 5102.524902
7980 5144.606934
7981 5176.520996
7982 5198.158203
7983 5209.447754
7984 5210.358398
7985 5200.898438
7986 5181.114746
7987 5151.095703
7988 5110.967285
7989 5060.895996
7990 5001.085449
7991 4931.777832
7992 4853.250488
7993 4765.817383
7994 4669.824707
7995 4565.651367
7996 4453.706543
7997 4334.427246
7998 4208.276855
7999 4075.741699
